public/data/weather/current/current-temp-surface-level-gfs-1.0.json
{"header": {"discipline":0,"disciplineName":"Meteorological products","gribEdition":2,"gribLength":35278,"center":7,"centerName":"US National Weather Service - NCEP(WMC)","subcenter":0,"refTime":"2014-10-15T18:00:00.000Z","significanceOfRT":1,"significanceOfRTName":"Start of forecast","productStatus":0,"productStatusName":"Operational products","productType":1,"productTypeName":"Forecast products","productDefinitionTemplate":0,"productDefinitionTemplateName":"Analysis/forecast at horizontal level/layer at a point in time","parameterCategory":0,"parameterCategoryName":"Temperature","parameterNumber":0,"parameterNumberName":"Temperature","parameterUnit":"K","genProcessType":2,"genProcessTypeName":"Forecast","forecastTime":6,"surface1Type":103,"surface1TypeName":"Specified height level above ground","surface1Value":2,"surface2Type":255,"surface2TypeName":"Missing","surface2Value":0,"gridDefinitionTemplate":0,"gridDefinitionTemplateName":"Latitude_Longitude","numberPoints":65160,"shape":6,"shapeName":"Earth spherical with radius of 6,371,229.0 m","gridUnits":"degrees","resolution":48,"winds":"true","scanMode":0,"nx":360,"ny":181,"basicAngle":0,"subDivisions":0,"lo1":0,"la1":90,"lo2":359,"la2":-90,"dx":1,"dy":1}, "data":
[rows 105 to 139 of 181, columns 0 to 77 of 360]
292.2,292,291.6,291.4,291.6,291.5,291.2,291.7,291.4,291.7,291.9,291.9,292.3,292.7,292.8,297,296.8,295.5,294.5,297.8,298,295.9,300,301.8,298.2,296.3,295.4,295,294.2,291.1,296,295.5,295.1,298.6,294.4,297.1,295.7,293.9,293.7,294.1,294.3,298.5,298.4,298.2,298.5,298.9,299.2,299.2,296.6,290.5,291.4,298.7,298.7,298.8,298.6,298.4,298.3,298.1,297.9,297.6,297.3,297.1,297.2,297.3,297.3,297.3,297.4,297.5,297.8,298.1,298.3,298.3,298.4,298.4,298.4,298.2,298.3,298.3
291.8,291.9,291.7,291.4,291.4,291.4,291,291.3,291.2,291.1,291.3,291.2,293.2,294.1,292.8,296.9,300.2,295.3,299.9,295.9,299.8,299.4,301.2,298.5,300.6,300,296.8,297.6,294.6,297.1,296.5,298,297.4,299.3,299.2,297.4,294.4,294.9,295,296.1,297,298.5,298.2,298.5,298.8,297.8,296.6,297,294.3,291.5,297.5,298.6,298.7,298.7,298.6,298.3,298.1,298,297.9,297.5,297.2,297.2,297.4,297.4,297.3,297.4,297.4,297.5,297.7,297.9,298,298.1,298.1,298.1,298,297.7,297.7,297.7
291.6,291.6,291.7,291.4,291.3,291.5,291,291.1,291,290.7,290.7,290.3,294.1,296.6,299.1,299.8,300.9,302.5,302,296.7,296.8,298.4,298.1,298.3,300.2,301.5,298.7,296.3,299,298.1,295.1,292.9,294,296.2,297.3,297,294.6,295,295.7,297.8,298.6,298.3,298.3,298.4,297.8,295.1,297.5,296.5,292.6,291.2,298.4,298.7,298.6,298.6,298.6,298.3,298,298,297.8,297.2,297,297.1,297.4,297.4,297.5,297.5,297.5,297.5,297.5,297.7,297.7,297.7,297.8,297.7,297.6,297.5,297.4,297.1
291.6,291.3,291.4,291.3,291.1,291.1,291.1,290.9,290.7,290.5,290.2,289.6,291.6,294.8,296.2,298.7,299.4,298.6,299.2,300.9,298.7,296.7,297,298.2,299.3,298.5,297.1,295.4,295.5,296.4,296.1,292.5,291.1,290.4,294.4,295,295.7,297.2,298.5,298.2,298,297.9,297.9,298,297.6,295.5,293.8,292.7,291.4,292.4,298.6,298.6,298.5,298.5,298.5,298.3,297.9,297.7,297.4,297.1,296.9,296.9,297.2,297.4,297.4,297.5,297.4,297.3,297.3,297.4,297.4,297.4,297.4,297.2,296.9,296.8,296.7,296.7
291.7,291.1,291.1,291.3,291,290.9,291,290.8,290.5,290.4,290,289.7,289,290.9,294.3,295.9,297.7,298.9,298.9,301,298.9,298.1,297.5,299.5,299.6,297.8,295.8,296.9,294.6,294.3,293.4,293.3,295.9,291.8,294.8,294.1,296.8,297.8,297.7,297.5,297.4,297.4,297.4,297.4,297.8,294.3,292.3,288.9,289.3,295.7,298.5,298.5,298.4,298.4,298.3,298.1,297.7,297.5,297.3,297.2,296.9,296.7,297.1,297.3,297.2,297.3,297.4,297.2,297.2,297.1,297.1,297,296.7,296.4,296.3,296,295.8,295.7
291.7,291.1,291.1,291.1,291.1,290.8,290.8,290.7,290.6,290.4,290.2,289.8,289.2,288.6,290.7,292.9,293.8,294.7,295.7,298.1,299.6,298.4,299.9,299.4,298.1,298.3,298,297.4,296.1,294.9,296.7,294.7,297,290.9,295,297.6,297.7,297.5,297.2,297,296.8,296.7,296.8,297,296.8,293,292.3,286.1,289.9,298.2,298.4,298.3,298.3,298.3,298.1,298,297.7,297.3,297.1,297,296.8,296.6,296.8,297.1,296.9,297,297.1,297.1,296.9,296.9,296.8,296.5,296.1,295.9,295.7,295.5,295.3,295.1
291.8,291.2,291,290.9,291,291.1,290.6,290.6,290.6,290.6,290.3,290,289.4,288.7,288.7,291.6,291.4,293.4,295.7,294.6,297.5,299.3,299.1,299.2,299,298.2,299,297.4,297.8,296.1,297.3,298.5,296.7,294.7,295.5,296.6,297.2,297,296.8,296.5,296.2,296.1,296.3,296.5,291.9,293.1,293.2,287.4,291.3,298.3,298.2,298.2,298.1,298.1,298,297.8,296.6,297.3,297.1,296.8,296.6,296.6,296.5,296.7,296.8,296.7,296.8,296.7,296.7,296.7,296.3,295.8,295.6,295.3,295.2,295,294.9,295
291.7,291.4,291,290.8,290.8,290.9,290.6,290.6,290.6,290.6,290.4,290.1,289.6,288.9,288.3,288,289.3,290.4,291.7,292.6,293.9,295.1,296.1,296.6,296.7,296.3,296.5,296,296.8,298.7,299,298.3,295.9,296.6,294.6,295,297,296.8,296.5,296.1,295.8,295.7,295.9,295.4,290.5,293,292.5,287,295.2,298,297.9,298,297.8,297.8,297.8,297.8,297.3,297.2,297,296.6,296.4,296.5,296.4,296.4,296.5,296.5,296.5,296.5,296.4,296.3,296,295.7,295.5,295.3,295,294.8,294.6,295
291.6,291.3,291,290.9,290.9,290.7,290.6,290.5,290.5,290.6,290.5,290.1,289.7,288.9,288.5,289,289.2,287.8,290.9,290.8,291,291.8,292.7,294.6,295.4,295.6,295.7,294.9,294.8,294.6,292.7,297,298.1,297.5,295.3,293.7,296.9,296.4,296,295.5,295.4,295.6,295.7,295.7,289.7,289.3,288.7,291.9,296.9,297.2,297.5,297.6,297.6,297.5,297.6,297.6,297.5,297.2,296.9,296.7,296.3,296.3,296.3,296.3,296.3,296.2,296.2,296.2,296.2,296.2,295.8,295.7,295.6,295.3,294.8,294.5,294.4,294.7
290.9,290.9,290.9,290.8,290.6,290.5,290.4,290.4,290.5,290.5,290.5,290.2,289.7,289,288.5,286.2,288.7,291,291.7,290,290,290.7,290.2,291.7,292.5,291.8,294.1,294.2,291.6,291.6,291.1,295.8,296.3,296.5,294.7,293.9,296.6,296.1,295.6,295.2,295.1,295.3,295.5,295.8,292.7,291.1,289.4,288.4,296.3,296.7,296.7,297.3,297.3,297.3,297.3,297.3,297.2,297.1,296.9,296.5,296.2,296.1,296.1,296,296,295.9,295.9,295.7,295.7,295.6,295.3,295.2,295.1,294.7,294.3,294.3,294.3,294.1
290.8,290.6,290.5,290.5,290.5,290.4,290.4,290.4,290.5,290.5,290.4,290.2,289.8,289.2,288.5,288.6,287,289.3,290.8,291.6,290.3,290.6,290.5,290.9,291.1,290.4,291.5,292.6,291.7,292.3,288.6,289.6,293.8,294.2,294.1,296,296.4,295.4,294.6,294.1,294.5,295,295.3,295.6,295,292.9,292.9,293.7,296.3,296.5,296.8,296.9,297.2,297.2,297,297,297,296.9,296.7,296.4,296.1,296,295.8,295.7,295.6,295.5,295.3,295.3,295.3,295.1,294.9,294.8,294.6,294.2,294.1,294,293.8,293.7
290.5,290.3,290.3,290.2,290.1,290.1,290.1,290.1,290.2,290.3,290.3,290.1,289.7,289.3,288.8,287.7,288.2,287.9,290.9,291.2,289.1,290.1,291.2,290.9,291.9,290.6,285.6,286.8,288.2,287.7,285.3,288.9,292.4,295,296,296.3,295.3,294.7,294.5,294.5,294.6,294.7,294.9,295,295.1,295.3,295.4,295.6,295.9,296.2,296.5,296.8,296.9,296.7,296.6,296.6,296.6,296.5,296.4,296.2,295.9,295.7,295.6,295.4,295.1,295,294.9,295,295,294.8,294.6,294.5,294.2,294,293.7,293.4,293.2,293.1
290.8,290.6,290.3,290.1,290,290,290,290.1,290,290,290,289.9,289.7,289.3,289,289,284.5,285.7,288.7,287.3,288.8,290.2,290.5,291,290,289.9,287.5,286.7,285.5,287.1,285.9,287.1,291.2,294.2,296,295.2,294.9,294.4,294,294,294.3,294.5,294.5,294.5,294.6,294.6,294.7,294.9,295.2,295.5,295.8,296.1,296.3,296.3,296,296.1,296.2,296.2,296.1,295.8,295.5,295.3,295,294.8,294.7,294.5,294.3,294.4,294.5,294.4,294.2,294.1,293.9,293.7,293.5,293.2,292.9,292.6
290.8,290.7,290.5,290.4,290.2,290.1,289.9,289.9,289.9,289.9,289.8,289.7,289.6,289.4,289.1,289.1,288.1,285.9,284.5,285.4,289.1,288.5,289,288.1,289.1,290.7,289.6,288.3,283.3,283.2,286.3,287.3,290.9,295.2,295.1,294.6,294.2,293.6,293.3,293.4,293.4,293.6,293.7,293.8,293.8,293.8,293.9,294.1,294.5,295,295.3,295.5,295.7,295.6,295.5,295.5,295.7,295.7,295.6,295.2,294.9,294.7,294.3,294.1,294,293.9,293.8,293.7,293.7,293.7,293.7,293.6,293.5,293.3,293.2,292.9,292.5,292.1
290.9,290.7,290.6,290.5,290.3,290.2,290.1,290,289.9,289.8,289.7,289.6,289.5,289.4,289.2,289.1,289,286.6,285.2,287.2,284.7,286.3,287.8,287.8,290.6,291.1,288.4,286.1,283.6,278.3,286,288.1,294,294.1,293.8,293.6,293.4,292.9,292.6,292.5,292.5,292.7,292.8,292.9,293.1,293.2,293.4,293.7,294.2,294.5,294.7,294.9,295,294.8,294.8,294.8,295.1,295.3,295.1,295,294.3,294,293.5,293.3,293.2,293.2,293.1,293.1,293,292.8,292.6,292.4,292.3,292.3,292.3,292.6,292.6,292
290.9,290.8,290.7,290.5,290.3,290.2,290.2,290.2,290.1,289.9,289.7,289.5,289.4,289.3,289.2,289.1,288.9,288.9,283.4,283,283,285.4,288.2,290.6,290.7,289.3,287.1,286.4,281.5,282.1,282.4,291.6,293.3,293,292.9,292.6,292.3,292.1,292.2,292.1,292.1,292.2,292.2,292.3,292.1,292.4,292.8,293.1,293.2,293.6,293.9,294,294,293.9,293.8,294.1,294.2,294.6,294.6,294.3,293.9,293.2,292.9,292.6,292.5,292.5,292.5,292.4,292.3,291.8,291.5,291.2,291.1,291.1,291.4,291.7,292.1,291.9
290.8,290.7,290.6,290.5,290.3,290.1,290.1,290.1,290.1,290.1,290,289.6,289.4,289.3,289.1,289,288.9,288.9,287.5,285.8,283.5,286.7,287.3,287.2,287.2,286.3,285.5,283.9,282.4,284.1,287.2,293,292.4,292.1,291.8,291.9,291.9,291.9,291.7,291.3,291.4,291.7,291.9,291.9,291.9,291.9,292.1,292.4,292.5,292.7,292.8,292.8,292.9,293.1,293.1,293.2,293.3,293.6,293.6,293.4,293.3,292.6,292.2,292,291.9,291.9,291.8,291.7,291.1,290.6,290.2,290,290.1,290.4,290.7,291,291.3,291.1
290.6,290.6,290.5,290.4,290.2,290.1,290.1,290,290,289.9,289.9,289.9,289.7,289.4,289.1,288.9,288.8,288.8,289,287.2,286.2,286.2,284.2,285.9,283.3,283.8,285.2,286.5,286.5,287.4,292.6,292.7,292,291.8,291.7,291.7,291.7,291.6,291.2,291,291.2,291.4,291.6,291.5,291.4,291.5,291.6,291.9,291.9,291.9,291.9,291.9,292,292.2,292.5,292.5,292.6,292.6,292.6,292.4,292.1,291.7,291.5,291.4,291.4,291.3,291,290.6,289.9,289.5,289.3,289.5,289.7,289.8,289.8,289.6,289.1,288.4
290.1,290.2,290.2,290,289.8,289.7,289.6,289.6,289.6,289.6,289.6,289.6,289.6,289.6,289.3,288.8,288.6,288.8,287.9,285.1,287.5,286.1,287.2,286,287.6,288.7,286.8,286.1,290,292.1,292.5,292.4,291.9,291.4,291.3,291.4,291.4,291.4,291,290.6,290.7,290.8,290.8,291.1,291,291,291.2,291.3,291.3,291.2,291,291.1,291.2,291.2,291.5,291.7,291.7,291.7,291.6,291.5,291.1,291,290.8,290.7,290.6,290.4,290,289.6,289,288.6,288.6,288.7,288.8,288.8,288.5,288.3,288.1,287.7
289.5,289.6,289.5,289.3,289.1,289,288.9,288.9,288.9,289.1,289.1,289.2,289.2,289.3,289.4,289.1,288.6,288.6,288.7,285,285.6,286.1,286.8,286.9,288,289.7,291.7,291.6,291.7,291.4,291.5,291.8,291.5,291.1,290.9,290.8,290.9,290.7,290.4,290.4,290.4,290.1,290.2,290.6,290.7,290.7,290.8,290.8,290.6,290.5,290.4,290.4,290.4,290.4,290.6,290.8,290.8,290.8,290.8,290.5,290.4,290.3,290.2,290,289.9,289.4,289,288.7,288.3,288,287.8,287.7,287.9,288.1,287.8,287.5,287.2,286.9
288.6,288.8,288.6,288.3,288,288,288,288,288.1,288.2,288.4,288.4,288.6,288.9,289.1,289,288.8,288.8,288.9,288.9,289.4,289.8,289.9,290.4,291.2,291.9,291.7,291.4,291.1,291,291,291.4,291.2,290.8,290.5,290.5,290.5,290.3,290.2,290.1,289.8,289.7,289.8,290.2,290.2,290.4,290.3,290.4,290.3,290,290,290,290,290,290,290.2,290.2,290.2,290,289.9,289.8,289.6,289.4,289.3,289,288.6,288.2,288,287.8,287.6,287.1,286.9,287.2,287.4,287.1,286.7,286.3,285.9
288,287.9,287.7,287.1,286.8,287,287.2,287.1,287,287,287.1,287.3,287.6,288,288.5,288.9,289.2,289.1,289.2,289.1,289.2,289.4,289.7,290,290.6,291.3,290.6,291.1,290.8,290.8,291,291,290.5,290.3,290,289.8,289.9,289.8,289.7,289.4,289.2,289,289.3,290.2,289.9,289.9,289.8,290,290.1,290.1,290,290,289.9,289.7,289.7,289.7,289.7,289.7,289.6,289.5,289.2,289,288.9,288.6,288.2,287.9,287.5,287.3,287.2,287.2,286.6,286.5,286.4,286.3,286.1,285.7,285.4,285.3
286.9,286.8,286.4,286.3,286.2,286.1,286.1,286,286.1,286.2,286.3,286.4,286.7,287,287.7,288.4,288.8,289.2,289.4,289.4,289.4,289.5,289.8,290,290.3,290.6,290.2,290.5,290.8,290.5,290.2,290,289.7,289.4,289.2,289.2,289.2,289.2,289,288.8,288.8,288.7,288.6,289.5,289.4,289.5,289.3,289.4,289.5,289.7,289.9,289.8,289.8,289.8,289.7,289.6,289.5,289.4,289.3,289.2,288.9,288.6,288.3,287.9,287.5,287.2,286.9,286.8,286.7,286.8,286.5,286.3,286.1,285.9,285.7,285.4,285.3,285.3
285.8,285.7,285.7,285.6,285.4,285.2,285.1,285.2,285.3,285.4,285.6,285.7,285.8,286.1,286.6,287.3,287.9,288.4,288.8,289.1,289.3,289.5,289.6,289.5,290,289.9,289.3,289.8,290.5,290,289.6,289.2,288.9,288.5,288.4,288.4,288.6,288.5,288.2,288.1,288,288,287.8,288.4,288.8,288.7,288.6,288.5,288.5,288.5,289,289.4,289.2,289.3,289.4,289.5,289.3,289.2,289.1,288.9,288.5,288.1,287.8,287.2,286.9,286.6,286.5,286.4,286.4,286.4,286.2,286.1,285.9,285.7,285.6,285.6,285.6,285.6
285,285,284.9,284.7,284.6,284.4,284.4,284.4,284.4,284.4,284.5,284.7,284.9,285.1,285.6,286.1,286.6,287,287.2,287.5,287.9,288.2,288.4,288.5,288.9,288.6,288.3,288.4,289.4,289.6,289.2,288.6,288.1,287.6,287.2,287.2,287.3,287.4,287.5,287.3,287.1,287,286.8,287.2,287.9,287.7,287.6,287.4,287.2,287.2,287.3,287.7,288.1,288.1,288.5,288.7,288.8,288.7,288.7,288.5,288.1,287.7,287.1,286.5,286.3,286.3,286.2,286,286.1,286,285.8,285.6,285.4,285.2,285.2,285.2,285.2,285.3
284.2,284.1,284,283.9,283.8,283.7,283.6,283.5,283.5,283.4,283.5,283.6,283.9,284.4,284.7,285,285.1,285.3,285.6,285.8,286.1,286.1,286.4,286.6,287,287.8,287.7,287.6,288.7,288.9,288.7,288.3,287.6,287,286.5,286.2,286.3,286.5,286.4,286.2,286.1,285.8,285.7,285.6,286.6,286.5,286.1,285.9,285.8,285.8,286,286.1,286.3,286.7,286.9,287.3,287.4,287.5,287.6,287.6,287.3,286.9,286.6,286.3,286.2,286,285.8,285.8,285.8,285.6,285.5,285.3,285,284.8,284.8,284.9,285.1,285.2
283.5,283.4,283.3,283.3,283.3,283.2,283,282.7,282.4,282.3,282.2,282.4,282.8,283.3,283.8,284.1,284,283.8,283.9,284,284,284.2,284.3,284.3,284.1,284.6,285.8,286.6,286.8,287,287.1,287.1,287,286.3,285.9,285.5,285.3,285.3,285.3,284.8,284.3,284.2,284.2,284.1,284.6,285.1,284.6,284.2,284,284,284.1,284.4,284.5,284.6,285.1,285.6,286.1,286.5,286.8,287,286.9,286.6,286.3,286,285.8,285.7,285.7,285.5,285.5,285.4,285.1,284.7,284.2,284,283.8,283.9,284.1,284
282.8,282.7,282.7,282.7,282.5,282.1,281.8,281.5,281.3,281.2,281.3,281.3,281.5,281.8,282.2,282.5,282.8,282.9,282.7,282.7,282.7,282.7,282.7,282.5,282.4,282.3,282.5,282.9,283.6,284.6,285.2,285.4,285.4,285.2,284.8,284.4,284,283.9,284,283.8,283.4,282.8,282.6,282.7,282.7,283.2,283.3,282.7,282.4,282.4,282.4,282.3,282.2,282.5,283.4,283.9,284.4,284.9,285.5,285.8,285.9,285.8,285.7,285.5,285.4,285.2,285,284.8,284.8,284.6,284.2,283.5,282.9,282.7,282.7,282.7,282.7,282.6
282.1,282.1,282,281.9,281.5,281,280.8,280.5,280.3,280.1,280.1,280.1,280.1,280.2,280.4,280.6,280.9,281.1,281.2,281.3,281.4,281.5,281.4,281.4,281.2,280.9,280.8,281,281.4,281.8,282,282.2,282.8,283.2,283.2,282.9,282.6,282.4,282.4,282.3,282.1,281.7,281.2,280.9,281.2,281.4,281.6,281.3,281,280.7,280.6,280.5,280.4,280.7,281.4,282.3,283.2,283.8,284.3,284.7,285,285,284.8,284.5,284.3,284.1,283.7,283.4,283.2,282.9,282.5,281.7,280.8,280.7,280.8,280.7,280.7,280.7
281.3,281.3,281.2,281,280.6,280.2,279.9,279.5,279.2,279,278.9,279,279.1,279.2,279.2,279.2,279.2,279.3,279.4,279.5,279.7,279.8,279.9,280,280,280,279.8,279.8,279.9,280.1,280.4,280.7,280.8,280.8,281,281.3,281.3,281.1,280.9,280.8,280.7,280.6,280.1,279.6,279.5,280,280.2,280.4,280.1,279.7,279.5,279.5,279.4,279.5,280,280.7,281.4,282.1,282.6,283,283.4,283.7,283.6,283.2,282.9,282.7,282.3,281.8,281.4,281.1,280.6,280,279.5,279.3,279.3,279.4,279.8,279.8
280.4,280.3,280.2,280.1,279.7,279.3,279,278.7,278.4,278.2,278.1,278.2,278.5,278.7,278.8,278.8,278.7,278.5,278.4,278.4,278.5,278.5,278.3,278.3,278.5,278.7,278.8,278.8,278.9,279,279.1,279.2,279.4,279.5,279.4,279.6,279.8,279.9,279.8,279.7,279.6,279.6,279.4,279,278.7,278.8,279,279.4,279.7,279.4,279,278.9,278.8,278.8,279.1,279.7,280.2,280.8,281.2,281.6,281.7,281.7,281.8,281.9,281.7,281.3,280.6,280,279.4,278.8,278.6,278.5,278.4,278.6,278.6,278.7,278.9,279.1
279.6,279.4,279.2,279.1,278.9,278.6,278.3,278,277.8,277.7,277.6,277.7,278,278.1,278.2,278.3,278.1,277.9,277.7,277.7,277.7,277.7,277.6,277.7,277.7,277.7,277.8,278,278.2,278.2,278.2,278.2,278.3,278.4,278.6,278.5,278.5,278.7,278.9,278.9,278.8,278.9,278.9,278.6,278.4,278.3,278.4,278.4,278.7,279,278.7,278.5,278.3,278.3,278.4,278.7,279.1,279.5,279.9,280.2,280.2,280.1,279.7,279.4,279.2,278.9,278.5,278.1,277.9,277.6,277.2,277,276.9,277.4,277.5,277.9,277.8,278
278.6,278.4,278.3,278.1,278,277.9,277.7,277.5,277.4,277.3,277.2,277.3,277.4,277.5,277.6,277.4,277.2,277.1,277.1,277.1,277.2,277.2,277.3,277.3,277.3,277.1,277,277,277,277.3,277.6,277.7,277.7,277.6,277.7,277.7,277.6,277.7,277.7,278.1,278.1,278.3,278.4,278.3,278.1,277.9,277.9,278,277.9,277.9,278,278,277.8,277.7,277.8,278,278.2,278.4,278.7,278.9,278.9,278.7,278.3,278,277.7,277.4,277.1,276.8,276.6,276.6,276.4,276.4,276.5,276.3,276.4,276.9,277.2,277.1
277.8,277.6,277.4,277.3,277.2,277.2,277.1,277,276.9,276.8,276.7,276.7,276.8,276.7,276.7,276.7,276.7,276.6,276.5,276.5,276.6,276.5,276.4,276.4,276.4,276.3,276.2,276.2,276.3,276.4,276.6,276.7,276.6,276.5,276.6,276.8,276.9,276.8,276.8,277,277.3,277.4,277.5,277.7,277.7,277.5,277.4,277.4,277.5,277.4,277.2,277,277.1,277.1,277.2,277.2,277.4,277.5,277.7,277.7,277.6,277.5,277.3,276.9,276.6,276.4,276.1,275.9,275.7,275.7,275.7,275.7,275.8,275.5,275.6,275.7,276,276.4
277,276.8,276.7,276.6,276.5,276.5,276.4,276.4,276.4,276.3,276.2,276.2,276,275.9,275.8,275.8,275.8,275.9,276,276,275.9,275.6,275.4,275.4,275.3,275.2,275.3,275.3,275.4,275.6,275.7,275.9,276,275.9,275.7,275.8,276.1,276,276,276,276.1,276.3,276.5,276.7,276.8,277,276.9,276.7,276.6,276.8,277,277,276.8,276.6,276.5,276.6,276.7,276.7,276.8,276.9,276.8,276.6,276.4,276.2,276,275.9,275.7,275.6,275.5,274,275.4,275.3,275.3,275.1,275.1,275.1,275.4,275.7
