public/data/weather/current/current-mean_sea_level_pressure-gfs-1.0.json
{"header": {"discipline":0,"disciplineName":"Meteorological products","gribEdition":2,"gribLength":59681,"center":7,"centerName":"US National Weather Service - NCEP(WMC)","subcenter":0,"refTime":"2014-10-15T18:00:00.000Z","significanceOfRT":1,"significanceOfRTName":"Start of forecast","productStatus":0,"productStatusName":"Operational products","productType":1,"productTypeName":"Forecast products","productDefinitionTemplate":0,"productDefinitionTemplateName":"Analysis/forecast at horizontal level/layer at a point in time","parameterCategory":3,"parameterCategoryName":"Mass","parameterNumber":1,"parameterNumberName":"Pressure_reduced_to_MSL","parameterUnit":"Pa","genProcessType":2,"genProcessTypeName":"Forecast","forecastTime":3,"surface1Type":101,"surface1TypeName":"Mean sea level","surface1Value":0,"surface2Type":255,"surface2TypeName":"Missing","surface2Value":0,"gridDefinitionTemplate":0,"gridDefinitionTemplateName":"Latitude_Longitude","numberPoints":65160,"shape":6,"shapeName":"Earth spherical with radius of 6,371,229.0 m","gridUnits":"degrees","resolution":48,"winds":"true","scanMode":0,"nx":360,"ny":181,"basicAngle":0,"subDivisions":0,"lo1":0,"la1":90,"lo2":359,"la2":-90,"dx":1,"dy":1}, "data":
[rows 96 to 127 of 181, columns 142 to 212 of 360]
101310,101400,101470,101490,101450,101360,101270,101220,101220,101250,101260,101230,101200,101190,101190,101200,101200,101190,101200,101210,101210,101210,101200,101190,101180,101180,101180,101180,101170,101160,101150,101120,101100,101090,101080,101080,101080,101070,101070,101070,101080,101080,101060,101050,101050,101060,101070,101060,101060,101050,101050,101040,101050,101070,101090,101110,101120,101140,101160,101190,101210,101220,101230,101240,101240,101240,101230,101240,101240,101240,101230
101220,101300,101390,101450,101470,101430,101350,101280,101250,101250,101250,101230,101210,101200,101210,101220,101220,101210,101210,101210,101220,101220,101210,101200,101190,101190,101180,101180,101170,101150,101140,101130,101110,101100,101100,101100,101100,101090,101080,101080,101080,101070,101060,101050,101060,101060,101070,101060,101060,101050,101050,101040,101040,101050,101070,101090,101110,101130,101150,101170,101190,101210,101230,101240,101240,101230,101220,101230,101240,101240,101230
101150,101180,101230,101310,101370,101400,101380,101330,101290,101260,101240,101220,101210,101210,101220,101230,101230,101230,101230,101230,101240,101240,101230,101220,101210,101200,101200,101190,101180,101160,101150,101140,101130,101120,101110,101110,101110,101100,101090,101080,101070,101060,101050,101050,101050,101060,101060,101050,101050,101040,101040,101030,101020,101030,101050,101070,101100,101120,101140,101150,101160,101190,101220,101240,101240,101230,101220,101230,101240,101250,101250
101170,101140,101140,101180,101250,101320,101360,101360,101330,101290,101260,101230,101220,101220,101220,101230,101230,101240,101250,101250,101250,101250,101250,101240,101230,101220,101220,101210,101210,101200,101190,101170,101160,101140,101130,101130,101120,101110,101100,101090,101070,101060,101050,101040,101050,101060,101060,101040,101030,101030,101020,101010,101000,101010,101030,101060,101090,101110,101130,101130,101150,101170,101210,101240,101250,101240,101240,101250,101260,101270,101280
101230,101200,101180,101180,101210,101270,101340,101370,101360,101330,101300,101270,101250,101240,101230,101230,101230,101240,101250,101260,101260,101260,101250,101250,101250,101240,101240,101240,101240,101230,101220,101200,101180,101160,101160,101160,101160,101140,101130,101120,101110,101090,101070,101060,101060,101060,101050,101040,101020,101010,101000,101000,101000,101010,101030,101060,101080,101110,101120,101130,101140,101160,101190,101220,101240,101240,101250,101270,101280,101290,101300
101280,101290,101280,101250,101250,101280,101320,101360,101370,101360,101330,101300,101280,101260,101240,101220,101220,101230,101240,101250,101250,101250,101260,101270,101270,101260,101260,101250,101250,101250,101230,101210,101200,101190,101190,101200,101190,101180,101160,101150,101150,101130,101110,101080,101070,101060,101050,101030,101020,101000,101000,100990,101000,101020,101040,101050,101070,101090,101100,101120,101140,101160,101180,101200,101210,101230,101250,101270,101290,101300,101320
101300,101350,101350,101340,101310,101310,101330,101360,101370,101370,101350,101340,101310,101280,101250,101230,101220,101220,101230,101230,101240,101260,101280,101290,101300,101290,101280,101270,101270,101270,101260,101240,101230,101220,101230,101240,101230,101210,101190,101170,101170,101150,101130,101100,101080,101070,101050,101040,101020,101000,100990,100980,101000,101020,101040,101050,101060,101070,101090,101110,101140,101160,101180,101190,101210,101230,101250,101280,101300,101310,101330
101330,101370,101390,101390,101370,101360,101370,101380,101390,101390,101380,101370,101340,101310,101280,101240,101220,101210,101220,101230,101250,101270,101290,101310,101320,101320,101310,101310,101310,101310,101310,101300,101290,101280,101280,101270,101260,101240,101220,101200,101190,101170,101140,101120,101100,101080,101060,101040,101020,101000,100980,100970,100980,101010,101040,101050,101060,101070,101080,101110,101140,101170,101200,101210,101230,101240,101260,101290,101310,101320,101340
101380,101400,101420,101430,101430,101430,101430,101430,101430,101430,101420,101400,101380,101350,101320,101290,101260,101240,101230,101240,101260,101290,101310,101320,101340,101350,101360,101360,101360,101360,101370,101360,101350,101330,101320,101310,101310,101300,101290,101270,101240,101210,101180,101150,101120,101100,101080,101060,101040,101010,100980,100970,100980,101010,101030,101050,101070,101080,101100,101130,101150,101190,101220,101250,101270,101280,101290,101300,101320,101340,101370
101430,101450,101480,101490,101500,101490,101490,101490,101480,101480,101470,101450,101420,101400,101370,101350,101320,101290,101280,101280,101300,101320,101330,101340,101360,101390,101410,101420,101420,101420,101410,101410,101400,101380,101360,101350,101360,101380,101380,101360,101330,101290,101250,101210,101180,101150,101120,101090,101060,101030,101000,100990,100990,101010,101030,101050,101070,101100,101130,101150,101170,101200,101230,101270,101300,101310,101310,101320,101340,101370,101390
101470,101510,101550,101570,101570,101550,101530,101520,101530,101530,101510,101490,101470,101450,101430,101410,101390,101360,101350,101350,101360,101380,101380,101390,101410,101440,101480,101490,101480,101470,101460,101460,101450,101430,101410,101410,101430,101450,101460,101440,101410,101370,101330,101290,101250,101210,101160,101120,101080,101050,101020,101010,101020,101020,101030,101040,101070,101110,101150,101170,101190,101200,101230,101270,101310,101330,101340,101350,101360,101390,101410
101510,101570,101630,101660,101650,101600,101570,101550,101560,101560,101560,101540,101520,101490,101480,101460,101450,101440,101430,101430,101440,101450,101460,101470,101490,101520,101550,101560,101550,101530,101520,101520,101520,101500,101490,101480,101490,101510,101510,101490,101460,101430,101400,101360,101320,101270,101220,101160,101120,101080,101050,101040,101030,101020,101020,101030,101070,101120,101170,101190,101200,101210,101230,101270,101310,101340,101360,101380,101390,101410,101440
101570,101640,101720,101760,101730,101670,101620,101600,101600,101600,101600,101590,101560,101540,101520,101510,101510,101510,101510,101520,101520,101530,101550,101560,101580,101600,101610,101620,101610,101610,101610,101610,101600,101590,101570,101560,101560,101560,101550,101530,101510,101480,101460,101430,101390,101340,101280,101220,101170,101120,101070,101040,101020,101010,101020,101040,101090,101140,101190,101210,101220,101220,101240,101270,101320,101360,101390,101400,101410,101430,101450
101670,101730,101800,101840,101820,101760,101690,101660,101650,101640,101640,101630,101610,101580,101560,101550,101560,101570,101580,101590,101590,101610,101620,101640,101650,101660,101660,101660,101660,101670,101680,101690,101680,101660,101640,101630,101620,101620,101610,101590,101570,101540,101510,101480,101440,101390,101330,101270,101210,101150,101090,101040,101010,100990,101010,101050,101110,101170,101210,101230,101240,101250,101270,101290,101330,101370,101400,101410,101420,101440,101460
101770,101800,101860,101890,101880,101830,101770,101720,101700,101680,101660,101650,101640,101620,101610,101600,101610,101620,101640,101650,101650,101660,101680,101710,101720,101720,101710,101700,101710,101720,101740,101750,101730,101710,101700,101690,101690,101700,101690,101670,101650,101620,101580,101540,101490,101430,101370,101300,101220,101150,101090,101040,101000,100980,101000,101060,101120,101180,101230,101250,101270,101290,101310,101330,101350,101380,101410,101420,101420,101430,101460
101850,101850,101890,101910,101900,101870,101820,101780,101740,101710,101690,101680,101670,101660,101650,101640,101650,101670,101680,101690,101700,101710,101730,101760,101780,101780,101770,101760,101760,101780,101790,101800,101790,101780,101770,101770,101780,101780,101780,101770,101740,101700,101650,101590,101540,101470,101390,101290,101200,101120,101060,101020,100990,100980,101000,101050,101110,101180,101220,101260,101300,101330,101350,101370,101390,101410,101430,101430,101430,101440,101460
101900,101890,101910,101920,101920,101900,101870,101840,101800,101760,101730,101710,101700,101690,101680,101680,101680,101700,101720,101730,101740,101760,101780,101800,101830,101850,101850,101840,101840,101840,101860,101870,101880,101880,101880,101880,101890,101890,101880,101860,101830,101780,101720,101660,101600,101520,101420,101280,101150,101050,100990,100970,100970,100980,101000,101040,101100,101160,101220,101280,101330,101370,101400,101420,101440,101460,101480,101480,101470,101460,101470
101970,101950,101940,101950,101950,101940,101930,101910,101880,101830,101790,101750,101730,101720,101710,101700,101710,101720,101750,101770,101790,101810,101820,101840,101870,101890,101900,101910,101910,101920,101940,101960,101980,101990,102000,102000,102010,102000,101990,101970,101930,101880,101820,101750,101690,101610,101480,101310,101120,100970,100900,100900,100940,100980,101030,101070,101120,101180,101240,101310,101370,101420,101450,101470,101490,101510,101530,101530,101510,101490,101480
102040,102020,102010,102000,102000,102000,102000,101990,101960,101910,101850,101800,101760,101750,101740,101740,101740,101750,101780,101810,101840,101860,101870,101880,101900,101920,101940,101950,101970,101990,102010,102040,102070,102090,102100,102110,102110,102100,102090,102070,102040,101980,101910,101850,101790,101710,101590,101390,101160,100950,100840,100840,100910,101000,101080,101140,101190,101250,101310,101380,101440,101490,101510,101530,101540,101560,101570,101570,101550,101510,101490
102110,102090,102080,102070,102060,102050,102050,102040,102010,101960,101900,101840,101790,101780,101780,101780,101780,101790,101810,101840,101870,101900,101920,101930,101940,101960,101980,102000,102020,102060,102090,102120,102150,102170,102190,102200,102200,102190,102180,102170,102140,102080,102000,101930,101870,101810,101710,101520,101280,101040,100890,100870,100940,101060,101170,101250,101320,101370,101430,101490,101550,101590,101600,101600,101600,101610,101620,101610,101580,101530,101500
102160,102150,102130,102120,102100,102090,102070,102060,102030,101990,101930,101870,101820,101810,101810,101830,101830,101820,101820,101840,101880,101920,101950,101980,101990,102010,102030,102060,102100,102140,102190,102220,102250,102260,102280,102280,102280,102280,102270,102250,102220,102170,102100,102020,101960,101910,101840,101700,101490,101270,101100,101050,101100,101210,101330,101410,101470,101530,101580,101640,101690,101720,101710,101700,101680,101680,101680,101670,101640,101580,101530
102200,102190,102170,102140,102120,102090,102070,102050,102030,102000,101950,101900,101850,101830,101840,101860,101870,101860,101840,101840,101870,101910,101960,102000,102030,102060,102100,102140,102180,102230,102280,102320,102350,102360,102370,102380,102380,102370,102360,102340,102310,102270,102200,102130,102070,102030,101990,101900,101750,101580,101430,101360,101380,101450,101540,101600,101660,101700,101750,101800,101840,101850,101840,101810,101780,101770,101760,101750,101710,101660,101600
102230,102210,102180,102150,102120,102090,102060,102030,102020,102000,101970,101920,101870,101840,101850,101870,101890,101880,101860,101850,101870,101900,101950,101990,102040,102090,102140,102190,102250,102300,102360,102400,102430,102440,102460,102480,102480,102470,102450,102430,102410,102380,102330,102270,102220,102190,102150,102100,102000,101880,101760,101690,101680,101710,101760,101800,101840,101880,101910,101940,101960,101950,101930,101900,101870,101850,101840,101830,101790,101730,101670
102250,102220,102190,102160,102130,102090,102040,102020,102010,102000,101980,101930,101880,101840,101850,101870,101890,101890,101870,101860,101870,101900,101940,101980,102030,102100,102170,102240,102300,102360,102410,102450,102480,102500,102520,102550,102560,102560,102550,102520,102500,102480,102460,102420,102380,102340,102310,102260,102180,102100,102010,101950,101930,101930,101950,101980,102000,102030,102040,102050,102040,102020,101990,101960,101930,101910,101900,101870,101840,101790,101730
102260,102220,102190,102160,102130,102090,102040,102010,102000,101990,101970,101920,101870,101840,101830,101850,101860,101860,101850,101850,101860,101890,101920,101970,102030,102110,102200,102280,102350,102410,102460,102510,102540,102560,102590,102610,102630,102640,102630,102620,102600,102580,102570,102550,102520,102480,102440,102380,102320,102240,102180,102130,102110,102100,102110,102130,102140,102140,102140,102120,102090,102060,102030,102010,101980,101960,101930,101900,101860,101820,101770
102280,102240,102200,102170,102130,102090,102050,102020,102000,101980,101940,101900,101850,101810,101800,101790,101790,101780,101770,101780,101800,101840,101890,101950,102030,102120,102220,102320,102400,102470,102530,102580,102620,102640,102660,102690,102710,102720,102720,102710,102700,102690,102670,102660,102640,102610,102570,102510,102450,102380,102330,102290,102270,102260,102250,102250,102240,102230,102200,102170,102130,102100,102080,102050,102030,101990,101950,101910,101870,101830,101790
102310,102260,102210,102170,102130,102090,102060,102030,101990,101950,101900,101840,101790,101750,101720,101700,101670,101650,101640,101660,101700,101760,101830,101900,102000,102110,102230,102340,102440,102510,102580,102640,102680,102720,102740,102760,102780,102800,102810,102810,102810,102800,102790,102780,102760,102740,102700,102650,102590,102540,102490,102450,102420,102390,102370,102330,102300,102260,102220,102180,102150,102120,102100,102070,102040,102000,101950,101900,101850,101810,101780
102330,102280,102210,102150,102110,102080,102050,102010,101970,101900,101830,101760,101700,101650,101610,101560,101530,101500,101500,101530,101590,101650,101720,101810,101930,102060,102200,102330,102440,102530,102600,102650,102700,102750,102790,102820,102850,102870,102890,102900,102900,102900,102890,102880,102860,102830,102790,102750,102700,102650,102610,102570,102520,102480,102420,102370,102310,102250,102200,102160,102130,102090,102060,102030,101990,101950,101900,101850,101810,101770,101730
102340,102280,102210,102140,102090,102060,102020,101980,101910,101830,101750,101670,101610,101540,101460,101390,101340,101330,101350,101400,101460,101530,101610,101710,101830,101990,102150,102300,102430,102520,102590,102640,102690,102740,102790,102840,102880,102910,102930,102950,102960,102960,102960,102940,102910,102880,102830,102790,102740,102690,102640,102590,102530,102470,102410,102340,102270,102220,102160,102120,102070,102030,101990,101940,101900,101850,101820,101780,101750,101710,101660
102310,102270,102200,102140,102090,102040,102000,101930,101850,101750,101670,101590,101510,101410,101300,101190,101110,101100,101140,101220,101300,101390,101490,101610,101760,101940,102120,102280,102420,102520,102590,102640,102680,102730,102780,102840,102890,102920,102950,102960,102970,102980,102970,102950,102920,102870,102830,102780,102720,102660,102610,102550,102480,102420,102350,102290,102230,102170,102110,102060,102000,101950,101890,101840,101800,101760,101720,101690,101660,101630,101590
102250,102230,102180,102130,102080,102030,101960,101870,101770,101670,101590,101510,101410,101280,101110,100950,100840,100820,100880,100980,101110,101240,101380,101540,101720,101920,102100,102270,102410,102520,102590,102650,102690,102730,102780,102830,102880,102920,102940,102950,102960,102960,102950,102930,102900,102860,102820,102770,102710,102650,102580,102510,102440,102380,102310,102250,102180,102120,102060,101990,101920,101860,101800,101750,101700,101660,101630,101590,101550,101520,101490
102150,102140,102100,102060,102010,101960,101880,101770,101660,101560,101480,101400,101280,101110,100900,100690,100560,100540,100610,100750,100920,101100,101290,101490,101700,101890,102070,102220,102360,102480,102570,102640,102690,102730,102760,102800,102850,102880,102910,102930,102940,102940,102930,102920,102900,102870,102830,102790,102740,102680,102610,102530,102460,102380,102300,102220,102140,102060,101980,101890,101810,101740,101680,101640,101600,101560,101510,101460,101410,101370,101340
