public/data/weather/current/current-mean_sea_level_pressure-gfs-1.0.json
{"header": {"discipline":0,"disciplineName":"Meteorological products","gribEdition":2,"gribLength":59681,"center":7,"centerName":"US National Weather Service - NCEP(WMC)","subcenter":0,"refTime":"2014-10-15T18:00:00.000Z","significanceOfRT":1,"significanceOfRTName":"Start of forecast","productStatus":0,"productStatusName":"Operational products","productType":1,"productTypeName":"Forecast products","productDefinitionTemplate":0,"productDefinitionTemplateName":"Analysis/forecast at horizontal level/layer at a point in time","parameterCategory":3,"parameterCategoryName":"Mass","parameterNumber":1,"parameterNumberName":"Pressure_reduced_to_MSL","parameterUnit":"Pa","genProcessType":2,"genProcessTypeName":"Forecast","forecastTime":3,"surface1Type":101,"surface1TypeName":"Mean sea level","surface1Value":0,"surface2Type":255,"surface2TypeName":"Missing","surface2Value":0,"gridDefinitionTemplate":0,"gridDefinitionTemplateName":"Latitude_Longitude","numberPoints":65160,"shape":6,"shapeName":"Earth spherical with radius of 6,371,229.0 m","gridUnits":"degrees","resolution":48,"winds":"true","scanMode":0,"nx":360,"ny":181,"basicAngle":0,"subDivisions":0,"lo1":0,"la1":90,"lo2":359,"la2":-90,"dx":1,"dy":1}, "data":
[rows 96 to 127 of 181, columns 213 to 283 of 360]
101230,101240,101250,101260,101260,101250,101250,101250,101250,101250,101250,101250,101260,101280,101300,101310,101310,101320,101320,101330,101330,101330,101340,101350,101360,101370,101370,101370,101360,101360,101350,101330,101320,101310,101310,101310,101300,101280,101260,101250,101250,101240,101210,101180,101170,101180,101180,101160,101150,101150,101160,101160,101160,101150,101150,101140,101130,101130,101150,101140,101110,101080,101080,101090,101050,100960,100940,101050,101230,101300,101180
101230,101240,101260,101260,101260,101260,101270,101270,101270,101260,101260,101260,101280,101290,101310,101320,101330,101340,101350,101350,101350,101350,101350,101360,101380,101380,101390,101390,101390,101390,101380,101370,101350,101350,101350,101350,101340,101310,101290,101280,101280,101260,101240,101220,101210,101230,101230,101210,101180,101180,101190,101190,101170,101160,101160,101160,101150,101150,101150,101140,101120,101090,101100,101110,101090,101020,100970,101060,101230,101340,101270
101260,101260,101270,101270,101270,101280,101290,101300,101290,101290,101290,101300,101310,101310,101320,101330,101340,101350,101360,101370,101370,101360,101370,101380,101400,101410,101410,101420,101420,101420,101410,101400,101400,101400,101390,101380,101360,101340,101320,101310,101300,101290,101270,101260,101260,101270,101260,101240,101220,101220,101220,101210,101190,101180,101190,101190,101180,101170,101160,101160,101140,101120,101120,101140,101140,101080,101020,101070,101240,101400,101390
101290,101290,101280,101280,101290,101310,101320,101320,101320,101320,101330,101340,101340,101340,101340,101350,101360,101360,101370,101380,101390,101390,101400,101420,101430,101440,101450,101460,101460,101440,101430,101430,101440,101440,101430,101410,101390,101370,101350,101340,101320,101310,101300,101300,101300,101300,101290,101270,101260,101270,101270,101250,101220,101210,101220,101220,101210,101190,101190,101190,101190,101160,101140,101160,101170,101130,101070,101080,101230,101430,101510
101310,101310,101300,101300,101310,101330,101340,101340,101340,101350,101370,101370,101370,101370,101370,101390,101390,101400,101400,101410,101420,101440,101450,101460,101470,101480,101490,101490,101490,101470,101450,101450,101470,101480,101460,101440,101420,101410,101400,101380,101360,101340,101340,101340,101330,101320,101320,101310,101310,101320,101310,101290,101270,101250,101250,101250,101230,101210,101220,101230,101230,101200,101170,101170,101200,101180,101110,101080,101190,101410,101580
101330,101330,101330,101320,101330,101340,101350,101360,101370,101380,101400,101410,101410,101410,101420,101440,101440,101440,101440,101450,101470,101480,101490,101500,101500,101510,101520,101530,101520,101490,101480,101480,101500,101520,101510,101490,101480,101480,101470,101440,101410,101390,101390,101380,101370,101360,101360,101360,101360,101360,101350,101340,101320,101300,101290,101280,101260,101240,101250,101280,101280,101250,101200,101200,101220,101230,101170,101100,101150,101340,101560
101340,101350,101350,101350,101360,101370,101380,101390,101400,101420,101440,101450,101450,101460,101480,101490,101490,101480,101490,101500,101520,101520,101530,101540,101550,101560,101560,101570,101560,101540,101520,101530,101550,101560,101560,101550,101540,101540,101530,101500,101470,101460,101450,101430,101420,101420,101420,101420,101410,101390,101380,101380,101380,101360,101340,101320,101310,101300,101300,101320,101320,101290,101250,101230,101260,101280,101240,101160,101140,101260,101470
101360,101370,101380,101390,101390,101400,101410,101420,101440,101460,101480,101500,101500,101520,101530,101530,101520,101520,101540,101550,101570,101570,101580,101590,101610,101610,101620,101620,101620,101610,101590,101590,101600,101610,101610,101600,101600,101600,101590,101560,101540,101530,101520,101500,101480,101470,101480,101470,101450,101420,101420,101430,101430,101410,101380,101370,101370,101370,101350,101350,101350,101340,101300,101280,101280,101310,101310,101250,101190,101210,101350
101380,101400,101410,101420,101430,101440,101440,101450,101470,101500,101520,101540,101550,101570,101580,101570,101560,101570,101590,101610,101620,101630,101640,101660,101670,101680,101680,101680,101690,101680,101660,101640,101640,101650,101660,101660,101650,101650,101640,101620,101610,101600,101590,101560,101540,101540,101540,101530,101500,101470,101480,101490,101490,101460,101430,101430,101450,101440,101410,101380,101380,101390,101370,101330,101310,101330,101350,101330,101270,101220,101250
101410,101420,101430,101450,101460,101470,101470,101480,101500,101530,101560,101580,101600,101620,101630,101630,101620,101630,101650,101670,101680,101680,101700,101720,101730,101720,101720,101730,101740,101740,101720,101700,101690,101700,101710,101710,101710,101700,101690,101680,101670,101660,101650,101630,101610,101610,101610,101590,101560,101550,101550,101570,101560,101520,101490,101500,101520,101510,101460,101420,101420,101450,101440,101390,101340,101340,101370,101390,101340,101280,101240
101430,101440,101450,101470,101490,101500,101510,101520,101540,101570,101600,101620,101640,101670,101690,101690,101690,101700,101710,101730,101730,101740,101750,101770,101770,101760,101760,101770,101790,101790,101770,101760,101760,101770,101770,101770,101760,101760,101750,101740,101730,101720,101710,101700,101690,101690,101680,101670,101640,101630,101630,101640,101620,101590,101570,101580,101590,101570,101520,101480,101480,101510,101500,101450,101390,101370,101400,101410,101390,101340,101310
101450,101470,101480,101500,101520,101540,101550,101570,101590,101620,101640,101660,101680,101710,101730,101750,101750,101750,101760,101770,101780,101790,101810,101820,101820,101810,101810,101830,101850,101850,101840,101830,101840,101840,101840,101820,101810,101820,101820,101810,101790,101780,101780,101780,101770,101760,101750,101740,101730,101710,101700,101700,101690,101670,101660,101660,101650,101630,101580,101550,101550,101560,101540,101500,101460,101440,101430,101420,101400,101380,101390
101480,101490,101510,101530,101550,101570,101590,101610,101630,101660,101680,101700,101720,101750,101770,101790,101800,101800,101810,101830,101840,101860,101880,101890,101880,101880,101880,101900,101920,101920,101920,101910,101920,101920,101900,101880,101870,101880,101890,101880,101860,101840,101850,101860,101850,101830,101820,101820,101810,101790,101770,101760,101750,101750,101750,101730,101710,101690,101660,101640,101620,101590,101560,101540,101530,101520,101490,101430,101390,101390,101430
101490,101510,101530,101540,101570,101590,101610,101630,101650,101680,101710,101740,101760,101790,101820,101850,101860,101880,101890,101900,101920,101940,101960,101960,101960,101960,101970,101980,101990,101990,101990,101990,102000,101990,101970,101940,101940,101950,101950,101940,101930,101920,101930,101930,101920,101900,101880,101890,101890,101880,101850,101830,101820,101830,101820,101800,101760,101740,101730,101720,101690,101640,101600,101590,101590,101580,101530,101460,101400,101400,101430
101490,101520,101540,101560,101580,101600,101620,101640,101660,101700,101740,101770,101810,101840,101880,101910,101940,101960,101980,102000,102010,102020,102030,102040,102040,102050,102050,102050,102060,102060,102060,102060,102070,102060,102040,102020,102010,102020,102020,102000,101990,101990,102010,102000,101980,101960,101950,101960,101970,101960,101930,101900,101900,101900,101890,101850,101810,101800,101800,101800,101760,101700,101660,101650,101650,101630,101570,101510,101470,101460,101440
101490,101520,101550,101570,101600,101630,101650,101670,101690,101730,101770,101810,101850,101890,101930,101970,102000,102030,102060,102080,102090,102100,102100,102110,102120,102130,102130,102120,102120,102120,102120,102130,102130,102120,102110,102100,102090,102080,102070,102050,102050,102060,102070,102060,102040,102020,102020,102030,102040,102020,102000,101980,101970,101960,101940,101910,101870,101860,101860,101850,101820,101780,101750,101730,101710,101660,101610,101580,101570,101560,101500
101500,101520,101550,101580,101620,101660,101690,101710,101730,101770,101810,101850,101890,101920,101960,102010,102050,102090,102110,102140,102160,102170,102180,102190,102210,102210,102210,102190,102190,102190,102190,102190,102180,102180,102170,102160,102150,102130,102110,102100,102100,102110,102120,102110,102100,102090,102090,102090,102080,102070,102050,102040,102030,102020,102000,101970,101950,101930,101920,101900,101870,101850,101830,101810,101760,101700,101650,101640,101670,101650,101570
101490,101510,101540,101580,101630,101670,101700,101730,101760,101800,101850,101880,101920,101950,102000,102040,102090,102130,102160,102190,102220,102240,102260,102280,102290,102300,102290,102270,102260,102260,102260,102250,102240,102230,102220,102210,102190,102180,102160,102160,102170,102170,102170,102160,102160,102160,102150,102140,102120,102100,102100,102100,102090,102070,102050,102030,102020,102000,101980,101940,101920,101910,101900,101870,101810,101750,101710,101710,101710,101680,101610
101480,101490,101530,101570,101620,101660,101700,101740,101780,101820,101870,101910,101940,101990,102040,102090,102130,102170,102210,102240,102280,102300,102330,102350,102360,102370,102360,102350,102340,102340,102330,102320,102300,102290,102280,102270,102250,102230,102230,102240,102240,102240,102220,102210,102210,102210,102200,102180,102150,102140,102150,102150,102140,102110,102090,102080,102080,102060,102020,101990,101970,101960,101950,101920,101870,101820,101800,101780,101740,101680,101610
101480,101490,101520,101570,101620,101660,101700,101740,101780,101830,101880,101920,101970,102020,102070,102130,102170,102210,102250,102290,102330,102350,102370,102390,102420,102430,102430,102430,102430,102420,102410,102390,102380,102360,102350,102330,102310,102290,102290,102300,102300,102290,102260,102240,102250,102250,102240,102210,102190,102190,102200,102200,102170,102140,102120,102120,102120,102100,102060,102040,102030,102020,102000,101950,101920,101900,101900,101870,101800,101700,101640
101500,101500,101530,101570,101620,101660,101700,101740,101790,101830,101880,101920,101970,102030,102080,102140,102180,102230,102280,102330,102370,102390,102410,102430,102460,102490,102510,102520,102510,102500,102480,102460,102450,102440,102420,102400,102370,102340,102340,102340,102330,102310,102280,102270,102270,102270,102260,102240,102230,102230,102240,102230,102190,102170,102160,102160,102150,102120,102090,102080,102090,102070,102030,101980,101950,101960,101980,101950,101870,101780,101730
101550,101530,101540,101570,101620,101660,101700,101730,101770,101820,101860,101910,101970,102020,102080,102120,102170,102220,102290,102350,102400,102430,102450,102480,102510,102550,102580,102600,102590,102570,102550,102520,102490,102480,102460,102440,102410,102380,102360,102350,102340,102310,102290,102290,102290,102280,102260,102250,102250,102260,102260,102240,102210,102190,102190,102200,102170,102140,102110,102110,102120,102110,102060,102010,101980,102000,102010,101990,101930,101880,101850
101610,101570,101560,101580,101600,101630,101670,101700,101740,101790,101840,101890,101950,102010,102070,102110,102160,102220,102290,102360,102420,102460,102490,102520,102560,102600,102630,102640,102640,102620,102590,102550,102520,102490,102470,102450,102430,102400,102380,102360,102330,102310,102300,102290,102290,102270,102250,102240,102250,102260,102260,102230,102210,102210,102220,102220,102190,102140,102120,102130,102140,102130,102080,102030,102020,102020,102020,101980,101950,101940,101950
101670,101630,101600,101600,101600,101610,101630,101650,101690,101730,101790,101850,101930,102000,102060,102110,102150,102210,102280,102350,102420,102470,102510,102540,102570,102600,102620,102640,102650,102640,102620,102580,102540,102500,102470,102450,102430,102410,102380,102350,102330,102310,102300,102290,102270,102250,102230,102230,102240,102240,102230,102210,102200,102200,102220,102210,102180,102140,102130,102130,102140,102130,102090,102070,102060,102060,102030,101980,101950,101970,102010
101730,101700,101660,101640,101620,101610,101600,101620,101640,101670,101720,101780,101860,101940,102020,102080,102130,102180,102240,102310,102380,102440,102490,102530,102560,102580,102590,102610,102630,102640,102630,102600,102570,102520,102490,102460,102430,102400,102370,102340,102310,102290,102270,102250,102240,102220,102210,102210,102210,102210,102190,102170,102160,102170,102180,102170,102150,102130,102130,102140,102130,102110,102090,102090,102100,102100,102060,102000,101970,102000,102040
101760,101740,101710,101680,101650,101620,101600,101590,101590,101610,101630,101680,101750,101830,101920,101990,102060,102110,102170,102230,102300,102380,102440,102490,102520,102540,102560,102580,102600,102630,102630,102620,102600,102560,102520,102470,102430,102390,102350,102320,102280,102250,102230,102210,102190,102180,102170,102180,102180,102160,102140,102110,102100,102110,102110,102100,102090,102100,102110,102120,102110,102080,102060,102070,102100,102110,102080,102030,102010,102030,102060
101750,101730,101710,101680,101650,101620,101600,101580,101560,101540,101540,101560,101600,101670,101760,101850,101930,102000,102070,102140,102220,102300,102370,102430,102460,102490,102510,102540,102570,102600,102610,102610,102600,102570,102530,102490,102430,102390,102340,102310,102270,102230,102190,102160,102130,102120,102120,102120,102120,102100,102080,102060,102040,102030,102030,102030,102030,102050,102080,102090,102070,102040,102020,102030,102050,102060,102050,102030,102030,102060,102060
101690,101660,101640,101620,101600,101580,101560,101540,101510,101490,101460,101450,101470,101520,101590,101680,101770,101860,101940,102020,102110,102190,102260,102320,102370,102410,102440,102480,102510,102540,102550,102560,102560,102550,102520,102480,102430,102380,102340,102310,102270,102220,102160,102110,102070,102040,102030,102030,102030,102030,102010,101990,101970,101960,101950,101950,101960,101990,102020,102030,102020,102000,101990,101990,101990,101980,101970,101970,102010,102040,102040
101620,101570,101540,101520,101500,101490,101480,101470,101450,101420,101390,101370,101360,101380,101420,101490,101580,101670,101770,101870,101960,102050,102120,102190,102240,102290,102340,102380,102420,102450,102480,102500,102510,102510,102490,102450,102410,102370,102330,102300,102250,102200,102130,102070,102010,101960,101930,101930,101930,101940,101930,101920,101900,101880,101860,101870,101880,101910,101930,101940,101940,101940,101950,101950,101940,101900,101880,101890,101940,101980,101990
101540,101490,101440,101410,101380,101370,101360,101350,101340,101330,101300,101280,101260,101250,101260,101300,101370,101450,101550,101660,101770,101860,101950,102030,102100,102150,102210,102260,102310,102360,102400,102430,102450,102440,102420,102390,102360,102320,102290,102250,102200,102150,102090,102020,101950,101890,101840,101820,101820,101830,101840,101830,101810,101780,101770,101770,101790,101810,101810,101820,101830,101850,101870,101880,101860,101820,101790,101800,101840,101880,101900
101440,101390,101340,101290,101240,101210,101200,101180,101180,101170,101160,101150,101130,101110,101100,101110,101150,101210,101300,101410,101530,101650,101760,101860,101950,102020,102080,102130,102180,102240,102290,102330,102350,102350,102330,102300,102270,102240,102210,102160,102120,102070,102020,101970,101900,101830,101770,101730,101720,101730,101740,101730,101700,101670,101660,101670,101690,101690,101690,101680,101680,101710,101740,101750,101730,101700,101680,101680,101710,101740,101760
101300,101250,101200,101130,101080,101030,101000,100970,100960,100960,100960,100970,100960,100950,100940,100930,100950,100990,101060,101160,101280,101410,101550,101680,101790,101870,101940,101990,102040,102090,102150,102190,102210,102210,102200,102180,102160,102140,102100,102060,102010,101960,101930,101890,101840,101780,101710,101650,101620,101620,101620,101600,101580,101560,101550,101560,101570,101570,101550,101540,101530,101540,101560,101560,101550,101530,101520,101530,101550,101570,101590
