public/data/weather/current/current-mean_sea_level_pressure-gfs-1.0.json
{"header": {"discipline":0,"disciplineName":"Meteorological products","gribEdition":2,"gribLength":59681,"center":7,"centerName":"US National Weather Service - NCEP(WMC)","subcenter":0,"refTime":"2014-10-15T18:00:00.000Z","significanceOfRT":1,"significanceOfRTName":"Start of forecast","productStatus":0,"productStatusName":"Operational products","productType":1,"productTypeName":"Forecast products","productDefinitionTemplate":0,"productDefinitionTemplateName":"Analysis/forecast at horizontal level/layer at a point in time","parameterCategory":3,"parameterCategoryName":"Mass","parameterNumber":1,"parameterNumberName":"Pressure_reduced_to_MSL","parameterUnit":"Pa","genProcessType":2,"genProcessTypeName":"Forecast","forecastTime":3,"surface1Type":101,"surface1TypeName":"Mean sea level","surface1Value":0,"surface2Type":255,"surface2TypeName":"Missing","surface2Value":0,"gridDefinitionTemplate":0,"gridDefinitionTemplateName":"Latitude_Longitude","numberPoints":65160,"shape":6,"shapeName":"Earth spherical with radius of 6,371,229.0 m","gridUnits":"degrees","resolution":48,"winds":"true","scanMode":0,"nx":360,"ny":181,"basicAngle":0,"subDivisions":0,"lo1":0,"la1":90,"lo2":359,"la2":-90,"dx":1,"dy":1}, "data":
[rows 96 to 127 of 181, columns 0 to 70 of 360]
101560,101560,101540,101530,101520,101510,101510,101500,101500,101500,101480,101450,101420,101420,101420,101410,101370,101320,101280,101270,101270,101260,101250,101260,101260,101230,101190,101170,101180,101200,101170,101110,101030,101000,101020,101090,101200,101290,101330,101290,101220,101170,101170,101190,101190,101190,101190,101200,101200,101200,101190,101190,101190,101180,101160,101140,101120,101100,101080,101080,101090,101090,101090,101070,101050,101040,101020,101000,101010,101050,101110
101590,101590,101570,101550,101540,101540,101530,101510,101510,101510,101500,101470,101440,101450,101470,101460,101410,101330,101300,101320,101330,101310,101280,101260,101240,101200,101150,101120,101140,101170,101170,101120,101050,101030,101070,101150,101230,101290,101290,101250,101200,101170,101180,101200,101200,101190,101190,101200,101210,101210,101190,101190,101200,101190,101180,101160,101140,101120,101100,101090,101090,101100,101110,101100,101100,101090,101080,101060,101050,101070,101120
101630,101620,101600,101590,101580,101580,101550,101520,101510,101520,101520,101490,101470,101480,101520,101500,101420,101330,101290,101320,101340,101310,101250,101200,101190,101160,101120,101090,101110,101150,101170,101140,101100,101100,101150,101210,101250,101260,101250,101230,101200,101190,101190,101210,101220,101210,101220,101230,101240,101240,101220,101210,101210,101200,101190,101170,101160,101140,101130,101120,101120,101130,101140,101140,101140,101130,101120,101100,101100,101110,101130
101670,101660,101640,101630,101630,101620,101580,101540,101520,101530,101520,101490,101460,101490,101530,101520,101420,101310,101270,101290,101310,101260,101190,101140,101140,101140,101100,101070,101070,101100,101120,101120,101120,101150,101210,101240,101240,101230,101230,101240,101230,101220,101210,101220,101230,101250,101260,101270,101270,101270,101260,101240,101230,101220,101200,101180,101180,101180,101190,101190,101190,101190,101190,101190,101170,101160,101140,101140,101140,101150,101160
101710,101700,101670,101660,101660,101650,101610,101560,101540,101540,101510,101460,101430,101460,101510,101510,101430,101320,101270,101270,101260,101200,101130,101100,101120,101120,101080,101030,101010,101030,101050,101060,101100,101170,101230,101230,101190,101180,101200,101250,101260,101240,101210,101220,101250,101270,101280,101280,101280,101280,101270,101260,101250,101240,101230,101210,101210,101220,101240,101250,101260,101260,101250,101240,101220,101200,101190,101180,101190,101190,101200
101750,101730,101710,101690,101680,101670,101630,101590,101570,101550,101510,101450,101420,101450,101500,101510,101440,101330,101260,101230,101190,101120,101060,101050,101070,101080,101040,100990,100970,100980,100990,101020,101080,101160,101220,101190,101130,101110,101160,101230,101260,101240,101200,101210,101240,101270,101280,101270,101270,101280,101270,101260,101260,101260,101260,101260,101260,101270,101280,101300,101310,101320,101310,101310,101300,101280,101270,101260,101250,101250,101250
101790,101770,101750,101730,101720,101690,101650,101620,101600,101570,101530,101470,101450,101470,101520,101510,101430,101310,101220,101150,101080,101000,100950,100950,100980,100990,100980,100960,100970,100980,100980,101000,101060,101140,101190,101150,101080,101050,101110,101190,101230,101210,101190,101210,101240,101260,101270,101280,101290,101300,101290,101260,101260,101270,101290,101300,101300,101300,101310,101330,101350,101370,101380,101390,101390,101380,101360,101340,101330,101310,101290
101830,101820,101810,101790,101760,101730,101690,101660,101630,101590,101550,101500,101490,101520,101530,101490,101380,101240,101130,101050,100970,100890,100830,100830,100860,100900,100930,100960,101000,101010,100990,100980,101020,101090,101140,101110,101060,101040,101090,101150,101190,101190,101200,101220,101250,101260,101270,101300,101340,101360,101340,101290,101260,101270,101300,101330,101340,101340,101350,101370,101400,101420,101440,101450,101460,101450,101430,101410,101380,101360,101350
101880,101870,101850,101830,101800,101770,101730,101690,101650,101610,101550,101510,101510,101510,101490,101400,101260,101130,101030,100960,100890,100810,100750,100730,100760,100820,100890,100960,101000,101000,100960,100930,100940,101000,101060,101080,101080,101090,101120,101160,101180,101190,101220,101240,101240,101230,101250,101310,101380,101410,101380,101320,101270,101280,101310,101350,101370,101390,101410,101430,101450,101470,101480,101490,101490,101480,101460,101440,101430,101420,101410
101940,101910,101890,101870,101830,101800,101770,101730,101680,101610,101540,101490,101470,101450,101380,101250,101100,100990,100940,100910,100870,100800,100730,100700,100720,100780,100850,100910,100940,100920,100890,100860,100880,100930,100990,101040,101090,101130,101160,101170,101180,101190,101230,101240,101220,101200,101210,101280,101360,101390,101370,101310,101280,101290,101320,101360,101400,101440,101470,101490,101500,101510,101510,101510,101500,101500,101490,101480,101470,101470,101470
102000,101970,101940,101900,101870,101830,101800,101760,101700,101620,101540,101480,101430,101370,101250,101100,100960,100880,100870,100890,100890,100830,100760,100710,100710,100750,100790,100820,100830,100830,100830,100850,100880,100910,100940,100990,101070,101140,101180,101180,101170,101190,101220,101230,101210,101180,101200,101260,101310,101310,101290,101260,101270,101300,101340,101370,101420,101470,101510,101530,101540,101540,101530,101530,101520,101520,101530,101530,101530,101520,101530
102070,102040,102010,101970,101920,101890,101850,101810,101740,101660,101580,101510,101440,101350,101200,101040,100910,100840,100850,100880,100880,100850,100790,100730,100720,100730,100740,100740,100750,100780,100850,100930,100970,100970,100940,100960,101020,101100,101150,101160,101160,101190,101220,101230,101220,101230,101260,101280,101270,101230,101190,101190,101250,101310,101350,101380,101430,101490,101530,101560,101560,101570,101560,101560,101550,101550,101560,101580,101580,101580,101580
102150,102130,102100,102050,102000,101960,101920,101870,101800,101720,101650,101590,101520,101420,101270,101110,100970,100890,100860,100850,100840,100820,100780,100750,100730,100730,100730,100720,100740,100810,100920,101030,101070,101040,100980,100950,100990,101060,101120,101150,101180,101210,101240,101250,101270,101310,101350,101350,101280,101170,101110,101140,101230,101310,101360,101400,101450,101520,101560,101590,101600,101600,101610,101590,101570,101570,101580,101610,101630,101640,101660
102230,102210,102180,102130,102080,102030,101980,101930,101860,101790,101730,101680,101630,101540,101420,101280,101140,101010,100920,100840,100790,100760,100750,100740,100750,100750,100760,100770,100800,100860,100950,101040,101070,101050,101000,100980,101010,101060,101120,101170,101210,101250,101260,101270,101300,101360,101420,101400,101280,101140,101070,101120,101220,101310,101360,101410,101470,101540,101600,101620,101630,101640,101650,101640,101610,101590,101610,101640,101680,101710,101740
102290,102270,102240,102200,102150,102100,102050,101990,101920,101850,101800,101760,101720,101660,101570,101460,101330,101180,101030,100890,100790,100740,100730,100740,100750,100770,100800,100830,100860,100890,100920,100950,100970,100990,101000,101030,101070,101100,101140,101190,101230,101270,101270,101260,101290,101360,101410,101370,101240,101100,101050,101110,101220,101310,101350,101400,101480,101560,101610,101630,101640,101660,101680,101680,101660,101650,101660,101700,101740,101780,101810
102360,102340,102310,102270,102220,102170,102120,102060,102000,101920,101860,101820,101780,101740,101670,101580,101480,101350,101190,101030,100900,100820,100780,100760,100760,100780,100820,100860,100890,100890,100870,100850,100860,100910,101000,101080,101130,101150,101170,101200,101240,101260,101250,101250,101280,101330,101360,101310,101180,101070,101050,101120,101230,101300,101340,101390,101470,101550,101600,101620,101640,101670,101710,101730,101730,101730,101740,101770,101810,101840,101870
102440,102410,102390,102350,102300,102250,102200,102140,102080,102000,101940,101880,101830,101770,101700,101630,101550,101460,101350,101230,101100,100990,100910,100850,100810,100790,100810,100860,100910,100910,100880,100840,100840,100900,101010,101110,101170,101190,101190,101210,101230,101240,101240,101240,101280,101330,101340,101280,101160,101080,101090,101160,101250,101300,101330,101380,101450,101540,101590,101620,101640,101690,101730,101770,101780,101790,101810,101830,101860,101890,101930
102520,102490,102470,102440,102390,102340,102280,102220,102150,102080,102010,101940,101870,101790,101690,101600,101530,101480,101440,101380,101290,101180,101080,100980,100890,100830,100820,100860,100930,100970,100980,100950,100940,100970,101030,101110,101170,101210,101230,101240,101250,101240,101230,101240,101290,101340,101340,101280,101190,101140,101150,101210,101270,101300,101330,101380,101450,101530,101580,101620,101660,101710,101760,101790,101810,101830,101850,101870,101900,101930,101980
102580,102550,102530,102510,102460,102410,102340,102280,102220,102150,102080,102000,101910,101800,101670,101550,101470,101440,101430,101410,101360,101290,101190,101090,100990,100900,100850,100860,100940,101030,101090,101100,101060,101040,101050,101090,101160,101220,101270,101290,101280,101250,101220,101230,101270,101320,101330,101280,101220,101190,101200,101230,101270,101290,101320,101370,101440,101510,101570,101630,101680,101740,101780,101810,101830,101850,101880,101900,101940,101980,102030
102640,102610,102580,102560,102520,102470,102400,102340,102280,102210,102140,102050,101960,101840,101700,101560,101450,101390,101370,101360,101320,101280,101220,101150,101060,100960,100880,100870,100950,101070,101160,101180,101130,101070,101030,101060,101140,101230,101290,101320,101290,101250,101210,101210,101230,101260,101260,101240,101210,101200,101200,101210,101220,101240,101280,101350,101410,101480,101540,101610,101680,101740,101800,101830,101870,101900,101930,101960,101980,102020,102070
102710,102670,102630,102610,102570,102530,102470,102410,102350,102280,102200,102120,102030,101930,101800,101670,101540,101450,101380,101320,101270,101230,101190,101150,101070,100970,100890,100880,100970,101100,101210,101230,101160,101070,101030,101050,101130,101230,101300,101310,101280,101240,101200,101180,101180,101180,101170,101160,101160,101160,101160,101150,101150,101170,101220,101290,101350,101420,101480,101560,101640,101720,101790,101840,101900,101950,101990,102010,102040,102070,102100
102770,102730,102690,102660,102630,102580,102530,102470,102410,102350,102280,102200,102120,102040,101950,101840,101730,101620,101510,101400,101300,101220,101160,101110,101030,100940,100870,100890,101010,101170,101280,101290,101210,101110,101060,101090,101170,101240,101290,101290,101260,101220,101190,101170,101150,101120,101100,101080,101080,101080,101080,101070,101070,101090,101130,101200,101260,101330,101410,101500,101600,101690,101770,101840,101910,101970,102020,102060,102080,102100,102140
102800,102760,102720,102690,102660,102620,102570,102510,102460,102400,102340,102280,102210,102140,102080,102010,101930,101830,101700,101550,101400,101270,101160,101060,100950,100860,100830,100900,101070,101260,101380,101380,101300,101200,101150,101170,101230,101270,101290,101270,101240,101200,101180,101150,101120,101080,101040,101010,101000,100980,100970,100960,100960,100980,101030,101090,101150,101230,101320,101430,101540,101650,101740,101820,101900,101970,102030,102070,102110,102140,102180
102790,102760,102720,102690,102660,102620,102570,102520,102470,102420,102380,102330,102270,102200,102150,102100,102050,101970,101840,101670,101490,101310,101150,101010,100880,100800,100800,100930,101140,101340,101460,101460,101380,101290,101250,101260,101290,101310,101290,101260,101220,101190,101150,101110,101070,101020,100970,100930,100890,100850,100830,100820,100830,100850,100900,100960,101030,101110,101220,101350,101470,101590,101700,101790,101880,101960,102030,102090,102140,102180,102220
102770,102740,102700,102670,102640,102610,102560,102510,102460,102420,102390,102350,102290,102230,102170,102130,102080,102010,101880,101700,101500,101310,101140,101000,100890,100830,100860,101000,101200,101380,101470,101470,101400,101340,101320,101320,101330,101320,101300,101260,101220,101180,101120,101060,101000,100950,100890,100830,100760,100710,100670,100660,100680,100710,100760,100820,100900,100990,101100,101240,101380,101530,101650,101760,101860,101950,102040,102120,102180,102230,102270
102760,102720,102680,102640,102610,102580,102530,102480,102440,102400,102370,102340,102290,102230,102170,102130,102080,102010,101870,101690,101480,101300,101170,101080,101020,101000,101040,101140,101280,101390,101440,101430,101390,101360,101360,101360,101350,101330,101300,101270,101240,101180,101110,101030,100950,100880,100810,100720,100630,100560,100520,100510,100540,100570,100630,100690,100770,100860,100980,101120,101280,101450,101600,101730,101840,101950,102050,102140,102230,102280,102310
102730,102700,102660,102620,102580,102530,102490,102430,102380,102340,102310,102280,102250,102200,102160,102130,102090,102020,101890,101700,101520,101370,101280,101250,101240,101250,101270,101320,101360,101400,101400,101390,101380,101390,101400,101390,101370,101330,101300,101290,101260,101200,101110,101010,100910,100810,100710,100600,100490,100420,100380,100380,100400,100440,100490,100560,100650,100750,100870,101020,101190,101370,101550,101700,101820,101930,102040,102150,102250,102310,102340
102680,102660,102630,102580,102540,102490,102430,102370,102310,102260,102220,102180,102150,102130,102110,102100,102080,102030,101920,101770,101620,101510,101450,101430,101430,101440,101430,101420,101410,101390,101370,101370,101390,101420,101440,101430,101390,101340,101320,101300,101270,101200,101100,100990,100860,100730,100600,100460,100350,100270,100240,100240,100250,100280,100340,100420,100520,100640,100780,100930,101120,101310,101500,101660,101790,101910,102030,102150,102250,102330,102370
102620,102620,102600,102570,102530,102470,102410,102350,102280,102210,102150,102100,102060,102040,102020,102030,102020,102000,101930,101840,101730,101640,101580,101540,101510,101480,101450,101410,101380,101350,101340,101350,101390,101430,101450,101440,101400,101360,101330,101310,101270,101190,101080,100950,100810,100660,100500,100340,100210,100120,100080,100070,100070,100090,100140,100230,100360,100510,100670,100850,101050,101250,101450,101620,101760,101890,102020,102150,102260,102340,102390
102590,102600,102610,102600,102570,102520,102470,102410,102330,102250,102170,102100,102040,101990,101960,101940,101930,101910,101890,101840,101780,101710,101630,101550,101470,101410,101360,101340,101320,101310,101320,101340,101380,101420,101440,101440,101410,101370,101350,101320,101260,101170,101060,100930,100790,100630,100460,100280,100120,100010,99930,99900,99880,99890,99940,100040,100190,100370,100570,100770,100970,101180,101390,101570,101730,101890,102040,102170,102280,102360,102410
102600,102630,102650,102660,102650,102620,102580,102530,102460,102380,102290,102210,102120,102050,101980,101920,101870,101830,101810,101780,101750,101700,101610,101510,101410,101340,101300,101300,101310,101330,101340,101370,101410,101440,101460,101450,101430,101400,101380,101340,101270,101180,101060,100940,100810,100670,100500,100310,100130,99970,99850,99780,99740,99740,99790,99900,100070,100270,100480,100690,100900,101110,101310,101510,101690,101870,102040,102190,102300,102380,102430
102630,102670,102710,102730,102730,102710,102690,102650,102600,102530,102450,102360,102270,102180,102080,101980,101880,101800,101750,101720,101690,101640,101560,101460,101380,101330,101320,101340,101370,101400,101420,101450,101470,101500,101510,101500,101470,101450,101420,101380,101310,101210,101100,100980,100870,100750,100600,100410,100220,100040,99890,99770,99710,99700,99750,99860,100030,100230,100450,100660,100870,101070,101270,101470,101660,101860,102040,102190,102300,102390,102450
