public/data/weather/current/current-temp-surface-level-gfs-1.0.json
{"header": {"discipline":0,"disciplineName":"Meteorological products","gribEdition":2,"gribLength":35278,"center":7,"centerName":"US National Weather Service - NCEP(WMC)","subcenter":0,"refTime":"2014-10-15T18:00:00.000Z","significanceOfRT":1,"significanceOfRTName":"Start of forecast","productStatus":0,"productStatusName":"Operational products","productType":1,"productTypeName":"Forecast products","productDefinitionTemplate":0,"productDefinitionTemplateName":"Analysis/forecast at horizontal level/layer at a point in time","parameterCategory":0,"parameterCategoryName":"Temperature","parameterNumber":0,"parameterNumberName":"Temperature","parameterUnit":"K","genProcessType":2,"genProcessTypeName":"Forecast","forecastTime":6,"surface1Type":103,"surface1TypeName":"Specified height level above ground","surface1Value":2,"surface2Type":255,"surface2TypeName":"Missing","surface2Value":0,"gridDefinitionTemplate":0,"gridDefinitionTemplateName":"Latitude_Longitude","numberPoints":65160,"shape":6,"shapeName":"Earth spherical with radius of 6,371,229.0 m","gridUnits":"degrees","resolution":48,"winds":"true","scanMode":0,"nx":360,"ny":181,"basicAngle":0,"subDivisions":0,"lo1":0,"la1":90,"lo2":359,"la2":-90,"dx":1,"dy":1}, "data":
[rows 105 to 139 of 181, columns 78 to 155 of 360]
298.4,298.5,298.5,298.5,298.5,298.6,298.5,298.4,298.3,298.3,298.5,298.7,298.7,298.5,298.2,298.1,297.8,297.6,297.4,297.4,297.5,297.4,297.3,297.3,297.2,297.1,296.9,297.1,297,297,297.1,297.1,297.4,297.8,298.2,298.6,298.9,299.2,299.6,299.9,300.1,300.2,300.3,300.4,300.5,300.5,300.3,301.2,304.5,304.9,305.2,305.5,305.5,303.6,303.2,302.6,302.9,303.6,299.9,300.5,300.8,300.4,300.4,299,303,302,300.2,298.7,298.1,298,298.1,298.1,298.1,298.3,298.4,298.4,298.7,299.2
297.7,297.8,298,298,298.1,298.1,298.1,298.1,297.9,297.9,298.2,298.1,298,298,297.9,297.6,297.4,297.3,297.3,297.2,297.2,297.2,297,296.9,296.8,296.7,296.5,296.6,296.6,296.8,296.6,296.7,297,297.1,297.6,297.9,298.4,299,299.4,299.7,300,300.2,300.2,300.3,300.5,300.3,300.5,303.6,302.5,304,304.7,305.2,304.2,304.6,302.4,302.6,301.9,301.6,301,301.3,299.7,300.1,299.6,299.1,303.6,302.2,301.4,300,297.4,297.9,297.9,297.9,297.8,297.8,297.9,298.2,298.2,298.7
297,297.2,297.3,297.5,297.5,297.4,297.4,297.6,297.5,297.4,297.6,297.6,297.5,297.4,297.2,297,296.9,296.9,296.9,296.8,296.6,296.6,296.5,296.5,296.6,296.4,295.9,296,296.3,296.3,296.3,296.3,296.6,296.7,297.1,297.4,297.9,298.5,299,299.4,299.6,299.8,300,300.1,300.3,303.8,304.4,303.1,305.1,303.2,303.2,303.8,301.6,302.2,300.8,300.7,300.5,300.6,301.3,300.2,301.5,300.8,298.8,300.3,302,301.4,301.6,300.3,298.6,297.8,297.8,297.6,297.6,297.4,297.4,297.7,297.7,298
296.5,296.4,296.6,296.7,296.9,296.8,296.7,296.8,296.6,296.9,296.9,297,296.7,296.4,296.5,296.5,296.5,296.6,296.4,296.2,296.1,296,295.9,295.9,295.9,296.1,295.5,295.1,295.7,295.9,295.9,295.8,295.9,296.2,296.6,296.9,297.4,297.9,298.4,298.8,299.1,299.3,299.7,300,300.2,303.1,303.5,304.8,304.9,304.1,302.2,301.1,298.8,300.2,299.5,299.1,298.9,299.4,299.3,298.9,300,301.5,301.6,302.6,301.7,301.4,300.1,297.8,298.4,297.3,297.6,297.4,297.3,297.3,297.1,297.3,297.2,297.5
295.7,295.8,295.9,296.1,296.2,296.3,296.1,296.1,296,296.1,296.2,296.2,296.1,296,296,295.9,295.9,296.1,296,295.8,295.6,295.5,295.5,295.6,295.6,295.4,295.3,295.1,295.1,295.3,295.4,295.5,295.5,295.7,296.1,296.5,297.1,297.6,298.1,298.4,298.7,299.1,299.5,299.9,303.5,303.4,302.9,304.7,304.2,303.4,301.6,298.8,296.9,298.5,298.6,298.4,297.2,298.5,298.9,298.5,298.6,299.7,300.2,300.8,300.7,300.5,296.3,296.9,296.9,296.7,296.9,297.3,297,296.9,296.9,297,297,297
294.9,294.9,295.2,295.4,295.7,295.7,295.3,295.3,295.4,295.6,295.6,295.7,295.7,295.5,295.4,295.4,295.4,295.6,295.7,295.5,295.2,295.1,295.1,295.4,295.6,295.3,295,294.9,294.8,294.7,294.8,295.2,295.2,295.5,295.9,296.3,296.9,297.4,297.7,298.2,298.8,300.6,303,306.4,305.3,305.2,304.5,303.2,303.3,301,300.1,298.5,297.7,297.1,297,297.5,297.3,297.1,297.8,297.8,297.9,297.8,298.5,299.2,299.5,299.2,296.3,295.4,297.3,298.9,298,296.5,296.8,296.4,296.2,296.6,296.9,296.6
294.9,294.8,294.7,294.9,295.2,295.2,295.2,295.2,295.2,295.3,295.2,294.9,295,295,294.8,294.8,294.8,294.9,294.9,295,294.8,294.8,294.7,294.6,294.6,294.5,294.7,294.4,294.3,294.3,294.4,294.6,294.8,295.4,295.7,296.1,296.7,296.9,299.7,303,304,305.2,306.6,306,304.9,303.5,305.6,304.6,303,300.8,299,298.3,297.4,296.3,295.5,295.3,295.5,294.7,296.4,296.8,297.3,297.1,296.8,297.5,298.1,297.9,297.5,296,297.5,298.5,299.1,297.9,296.1,296.3,296.3,296.2,296.4,296.4
294.9,294.9,294.6,294.5,294.9,294.8,294.7,294.9,294.6,294.6,294.6,294.5,294.3,294.5,294.4,294.3,294.3,294.3,294.2,294.5,294.4,294.4,294.3,294.4,294.6,294.3,294.3,294.2,293.9,293.9,294,294.2,294.5,294.9,295.3,295.8,296.5,299,300.8,301.5,302.4,303.7,303.1,306.3,305,305.4,305.4,303.5,302.6,301,298.4,298.2,297.1,294.3,294,293.7,293.8,294.5,295.5,296.1,296.7,296.8,296.8,296.6,297,297.4,296.9,296.6,295.9,298.1,297.3,297.6,295.7,295.6,295.9,296.3,296,296.4
294.8,294.7,294.5,294.5,294.5,294.7,294.3,294.2,294,293.9,293.9,294,293.9,293.8,293.8,293.7,293.7,293.8,293.9,294,294,294,294,294,294.1,294,294,294.1,293.7,293.4,293.5,293.8,294.1,294.5,294.7,295.1,296.2,297.7,299.4,300.4,299.6,300.6,302.7,303.4,304.2,304.7,304.1,303.2,301.9,300.1,297.8,296.5,296.6,294.8,293.6,294.3,292.4,293.1,294.5,295.2,295.7,296.7,296.8,296.9,296.8,296.1,296.3,296,295,295.7,295.6,296.8,296.5,295,295.5,296,296,295.3
294.3,294.5,294.2,294.1,294,294.1,293.9,293.7,293.6,293.5,293.6,293.6,293.3,293.1,293.3,293.2,293.2,293.3,293.4,293.5,293.5,293.6,293.6,294,293.6,293.3,293.5,293.8,293.6,293.2,293.2,293.4,293.6,293.9,294.3,294.4,295.6,296.2,297.5,299.7,301.1,301.2,301.4,303.6,303.2,304.3,303.9,302.6,300.8,298.3,297,296.1,295.8,294.8,293.8,293.8,293.4,294.5,294.5,295.2,295.8,296.1,295.9,296,295.9,295.5,295.3,295.2,294.2,293.1,294.9,294.5,295.7,299,294.8,294.5,295.7,295.5
293.6,293.7,293.8,293.7,293.7,293.7,293.5,293.3,293.2,293,293,293.1,293,292.6,292.8,292.7,292.7,292.8,292.9,292.9,293,293,293.2,293.7,293,292.7,292.8,293.2,293.3,293,292.9,293,293.3,293.6,293.9,294,295,294.5,295.8,297.6,299,300.4,301.9,303.6,303,304.5,303.6,301.9,299.8,298.7,297.5,294.1,293.9,294.3,294.2,293.7,294.6,294.6,294.9,295.5,296,295.7,295.4,295.4,294.8,294.9,294.1,293.6,293.4,292.5,291.6,294,294.5,294.6,296.9,294.4,294.9,295.1
292.9,292.8,292.8,292.9,292.9,293,293,292.9,292.7,292.6,292.5,292.6,292.6,292.6,292.4,292.3,292.2,292.3,292.4,292.5,292.5,292.5,292.7,292.8,292.9,292.7,292.7,293.2,293,292.7,292.6,292.7,292.9,293.2,293.5,293.6,293.9,294.3,295.3,296.9,298.5,299.8,301,303.6,303.8,302.6,302,301.9,300,298.3,297.1,295.8,293.9,292.7,292.8,293.6,294.6,295,294.9,295.3,295.4,295.6,295.3,295.1,295,294.5,293.4,292.9,292.7,291.8,292,293,293.9,294.3,297.6,296.8,294.9,294.9
292.4,292.2,292.1,292,292.1,292.3,292.3,292.2,292.1,292.1,292.1,292.1,292.2,292.3,292.7,292.1,291.8,291.7,291.8,292,292,292,292.2,292.3,292.3,292.5,292.6,292.7,292.4,292,291.8,292,292.5,292.8,293.1,293.2,294,293.7,295,296.8,298.7,299.2,299.8,302.3,302.2,303.5,301.7,301.4,300.6,300,298.9,296.1,294.9,294.9,294.3,293.7,295.1,295.5,295.4,295.2,294.9,295.1,295.1,295,294.8,294.2,293.4,292.9,292.7,292.1,292.3,293.2,293.9,294,294.8,295.2,293.5,294.5
291.9,291.6,291.4,291.3,291.4,291.6,291.7,291.7,291.7,291.6,291.7,291.7,291.9,292,292.3,291.9,291.3,291.2,291.2,291.5,291.6,291.6,291.8,291.9,291.8,291.7,292.1,292.2,291.7,291.5,291.2,291.1,291.6,291.9,292.5,293.1,293.5,293.1,294,296.3,299.2,299.4,300.4,299.1,302.2,303.1,302.6,301.8,300.9,299.7,298.8,297.8,296,295.7,295.2,295.6,295.5,295.7,295.9,295.7,295.3,294.9,294.5,294.4,294.2,293.6,293,292.7,292.5,292.4,292.7,293.2,293.9,292.8,292.4,298.2,293.8,294
291.5,291.1,290.8,290.7,290.5,290.7,290.9,291,290.9,290.7,290.7,290.9,291.1,291.6,291.7,291.3,290.9,290.7,290.8,291.1,291.3,291.2,291.3,291.3,291.3,291.2,291.1,291.4,291.4,291.2,291,290.8,290.9,291.4,291.9,292.8,293.3,294,293.7,295.4,298.2,299.9,300.4,298.2,301.3,299.9,301.3,301.3,300.3,298.8,297.5,297.8,296.8,296.6,296.2,296.1,296.1,295.7,295.6,295.3,295.3,294.6,293.9,293.6,293.3,293,292.8,292.5,292.5,292.6,292.8,293.2,293.6,292.3,289.6,296.9,292.3,293.2
291.2,290.7,290.1,289.8,289.8,289.9,290.1,289.9,289.7,289.6,289.6,289.8,290.1,290.9,291.4,290.8,290.5,290.4,290.6,290.7,290.6,290.5,290.3,290.3,290.5,290.5,290.7,290.7,290.8,291,290.9,290.7,290.7,291,291.7,292.5,293.2,294.2,294.4,295.9,297.9,298.7,299.2,299.4,298.5,299.1,299.1,299.1,298.3,297,296.7,296.4,296.7,296.3,295.9,296.1,295.5,295.4,294.5,294.2,293.6,292.2,293.1,292.8,292.1,292.2,292.9,293.1,293,292.7,292.8,292.7,291.6,290.3,289.5,296.6,291.9,292.8
290.3,289.3,288.9,288.9,288.9,289,289.1,289,288.7,288.5,288.3,288.5,289,289.4,290.4,289.8,289.7,289.8,289.9,289.9,289.8,289.6,289.6,289.6,289.8,290,290.1,290.2,290.2,290.5,290.7,290.7,290.5,290.6,291.3,292.1,293,294.1,294.3,294.3,296.6,298.3,298.9,298.1,296.9,298.3,298.7,298.4,297.7,296.1,295.8,295.1,295,295.7,295.5,295.3,293.9,294,292.7,292.6,292.5,290.8,292.5,291.9,290.7,290.8,291.4,290.9,291,292.4,292,290.1,290.8,288.2,288.9,296.1,291.1,292.3
287.9,287.6,287.4,287.7,287.9,288,288.3,288,287.7,287.5,287.5,287.6,287.8,288,288,288.2,288,288,288.4,288.8,289.3,289.3,289,289.2,289.2,289.2,289.2,289.4,289.7,290,290.2,290.4,290.4,290.3,290.8,291.5,292.5,293.3,293.8,293.1,294.6,296.4,297,297.7,298.4,296,297.4,296.8,295.6,295.2,293.9,290.1,289.8,289.2,290.1,291.8,292.8,292.1,291.3,291.3,291.9,290.7,291.4,289.9,290.1,291,291.4,291.4,290.2,290.8,290.8,288.3,289,289.2,292.4,290.2,290.9,291.4
287.4,287.1,287,287.1,287.3,287.3,287.2,286.7,286.7,286.6,286.6,286.7,286.8,286.8,286.8,286.8,286.9,286.9,287.1,287.1,287.4,288.7,289,288.8,288.6,288.6,288.5,288.7,289.1,289.5,289.7,289.8,290,290.1,290.5,290.9,291.4,291.6,292.1,293.1,294.9,296.1,295.9,296.3,295.9,294.5,294.1,291.1,290.2,290.1,289.8,289.4,288.9,288.6,288.4,287.8,287.9,290.8,291.2,289.5,290.7,292.6,289.7,289.5,290.1,290,290.5,290.4,290.1,290.2,289,287,287.9,291.4,289.3,289.5,290.3,291
286.5,286.2,286.1,286,286.1,286,285.8,285.8,286,285.8,285.8,285.9,285.9,285.9,286,285.9,285.9,285.8,286,286.3,287.1,288,288.4,288.3,287.9,287.6,287.4,287.6,288.3,288.8,288.8,289,289.4,289.5,289.9,290.3,290.7,290.2,289.6,288.8,288.9,291.2,291.4,291.6,292.9,293,290.5,290.3,290.1,289.5,288.9,288.4,288,287.7,287.6,287.4,286.9,287.1,289.5,287.1,291.4,289.7,290,289.7,290.1,290.3,290.8,290.5,289.2,288.1,287.2,286.6,287.6,293.8,288.7,289.9,290.1,290.3
285.6,285.6,285.6,285.6,285.5,285.4,285.5,285.6,285.4,285.2,285.3,285.4,285.6,285.6,285.5,285.5,285.5,285.1,285.2,285.4,285.4,285.7,285.8,285.9,286.1,286.3,286.5,286.8,287.3,287.9,287.9,288.2,288.5,288.9,289.1,289.6,290,290.2,290.3,290.1,290.3,291.2,291.1,291,290.7,290.4,290.1,289.8,289.3,288.8,288.3,287.9,287.6,287.4,287.3,287.1,287,286.7,286.9,288.4,287.2,289.6,289.4,289.3,289.5,289.9,290.4,290.2,289,287.4,286.8,286.6,288.4,288.1,288.6,289,289.5,290
285.4,285.5,285.6,285.5,285.3,285.1,285,285.3,285.4,285.5,285.4,285.3,285.2,285.3,285.3,285.2,285.2,285,284.5,284.4,284.5,284.6,284.8,284.9,284.9,285,285.3,286,286.4,286.9,287,287.3,287.6,288.1,288.4,288.7,289.1,289.3,289.7,290.1,290.3,290.3,290.3,290.1,289.9,289.6,289.2,288.7,288.2,288,287.8,287.5,287.4,287.2,287.2,287.4,287.7,287.9,288,288.9,288,287.6,289.5,289.2,289.7,289.1,288.7,289.3,288.8,287.6,286.7,285.7,290.8,287.1,288.2,288.6,289.2,289.7
285.4,285.5,285.5,285.5,285.4,285.2,285.1,285.1,285.1,285.1,285.2,285.2,285.1,285,284.9,284.9,284.8,284.6,284.4,284.3,284.2,284.1,284.1,284.2,284.4,284.6,284.8,285.1,285.6,286,286.2,286.4,286.8,287.2,287.5,287.7,288,288.4,288.6,288.9,289,289.1,288.9,288.7,288.5,288.1,287.8,287.8,287.6,287.4,287.1,286.8,286.7,286.6,286.6,286.6,286.7,286.8,286.8,286.9,287,287.1,285.5,284.3,284,284.6,287.8,288.7,284.9,284.7,285.7,285.5,289.4,287.7,288,288.9,289.1,289.1
285.6,285.6,285.5,285.4,285.4,285.4,285.3,285.2,285.2,285.1,285,285,285.1,285,285,284.9,284.8,284.6,284.4,284.2,284.2,284.1,284.2,284.1,284,284,284.2,284.4,284.7,285,285.2,285.7,286.1,286.4,286.5,286.6,286.7,287.2,287.5,287.7,287.7,287.7,287.7,287.6,287.5,287.3,287.1,286.7,286.1,285.8,285.6,285.5,285.3,285.3,285.2,285.3,285.4,285.5,285.6,285.7,285.9,286.2,286.5,287,284.8,283.1,282.7,285,282.8,289.5,287.9,287.2,287.4,287.9,288.7,288.6,288.5,288.1
285.4,285.4,285.5,285.5,285.5,285.5,285.4,285.4,285.3,285.3,285.1,285.1,285,285,285,284.9,284.9,284.8,284.5,284.3,284.1,283.9,283.8,284,284.1,284.1,284,284,284.1,284.4,284.8,284.9,285.4,285.4,285.4,285.5,285.6,285.6,286.1,286.4,286.5,286.5,286.4,286.3,285.9,285.5,285.2,285,284.8,284.6,284.5,284.5,284.4,284.4,284.4,284.5,284.6,284.7,284.9,285.1,285.4,285.7,285.9,286.1,286.2,286.6,286.8,287,286.6,286.6,287.1,287.6,288.1,288.1,288.1,288.1,287.7,287.3
285.2,285.2,285.3,285.2,285.1,284.9,284.9,284.8,284.8,284.8,284.9,285,285,285,284.9,284.8,284.7,284.7,284.5,284.3,284.1,283.9,283.7,283.6,283.6,283.9,284,284,283.9,283.9,284.2,284.2,284.6,284.6,284.8,284.7,284.6,284.6,284.7,284.8,284.9,284.8,284.8,284.7,284.5,284.3,284.1,284,283.9,283.9,283.9,283.8,283.8,283.9,284,284,284,284.2,284.3,284.5,284.8,285.2,285.3,285.6,285.8,286,286.2,286.3,286.5,286.8,287.9,288,287.9,288,287.8,287.3,286.8,286.7
283.9,284,284,284.1,284.1,284,283.9,283.8,283.7,283.8,284,284.1,284.1,284.3,284.4,284.6,284.6,284.6,284.4,284.3,284.3,284.2,283.9,283.6,283.5,283.6,283.7,283.7,283.8,283.8,283.9,284,284.1,284.2,284.4,284.3,284.1,284.2,284,283.9,283.9,283.9,283.9,283.9,283.8,283.6,283.5,283.5,283.5,283.3,283.1,283.1,283.2,283.4,283.6,283.7,283.9,284,284.1,284.3,284.5,284.7,284.8,284.9,285.2,285.3,285.7,286.9,287.2,287.7,289.6,286.5,286.4,287.6,287.1,286.8,286.4,286.2
282.5,282.4,282.4,282.3,282.6,282.5,282.4,282.4,282.5,282.6,282.7,282.9,283.1,283.4,283.6,283.8,283.9,284,284.1,284.2,284.2,284.2,284.1,283.9,283.7,283.6,283.5,283.5,283.5,283.4,283.5,283.6,283.8,283.9,283.9,283.9,283.7,283.6,283.6,283.5,283.4,283.4,283.5,283.4,283.2,283,282.9,282.9,282.7,282.4,282.3,282.4,282.5,282.7,282.9,283.2,283.4,283.6,283.8,284,284.2,284.2,284.2,284.3,284.5,284.7,285,285.2,280.7,283.1,285.6,286,285.8,286,286.7,286.5,286.1,285.7
281,281.2,280.9,281.2,281.3,281.3,281.5,281.6,281.7,281.7,281.7,281.7,281.8,282,282.3,282.6,282.9,283,283.1,283.4,283.7,283.9,283.9,283.9,283.7,283.6,283.4,283.3,283.3,283.2,283.2,283.2,283.3,283.3,283.4,283.5,283.3,283.1,283,282.9,282.8,282.8,282.8,282.6,282.5,282.5,282.5,282.3,282.1,281.9,282,282.1,282.1,282.3,282.4,282.7,283,283.2,283.4,283.5,283.6,283.7,283.7,283.8,283.9,284.1,284.3,284.3,283.3,281.9,284.6,285.2,285.4,285.6,286,286.2,285.8,285.3
280.2,280,280.3,280.4,280.2,280.4,280.5,280.5,280.6,280.7,280.8,280.9,281,281,281,281.1,281.3,281.5,281.7,282.1,282.4,282.7,283,283.2,283.4,283.5,283.4,283.2,283.1,283.1,283,282.9,282.9,283,283,283,283.1,282.9,282.7,282.6,282.4,282.3,282.3,282.1,282.1,282.1,282.1,282.1,282.1,282.2,282.3,282.2,282.2,282.1,282.2,282.4,282.7,282.9,282.9,283,283.1,283.1,283,283,283.2,283.4,283.5,283.8,283.9,284,284.1,284.2,284.4,284.5,284.6,285,285.4,285.1
279.3,279.1,279.4,279.4,279.2,279.2,279.3,279.4,279.5,279.7,279.8,279.9,280.1,280.2,280.3,280.4,280.4,280.3,280.4,280.6,280.9,281.3,281.6,281.9,282.2,282.5,282.8,283,283,282.9,282.7,282.5,282.5,282.6,282.6,282.6,282.8,282.8,282.8,282.7,282.5,282.3,282.1,282.1,282.1,282.2,282.3,282.3,282.4,282.5,282.5,282.3,282.1,282,282.1,282.2,282.3,282.4,282.4,282.4,282.5,282.5,282.5,282.5,282.6,282.7,282.8,282.9,283.1,283.2,283.4,283.5,283.5,283.6,283.6,283.7,284.3,284.5
278.5,278.2,278.2,278.4,278.2,278.3,278.4,278.5,278.6,278.6,278.8,279,279.1,279.3,279.4,279.6,279.7,279.8,279.8,279.8,279.8,279.9,280.1,280.4,280.8,281.1,281.3,281.8,282.1,282.3,282.3,282,281.9,282,282.1,282.2,282.3,282.5,282.5,282.7,282.7,282.5,282.4,282.3,282.3,282.4,282.5,282.5,282.4,282.3,282.1,282,282,281.9,281.9,282,282.1,282.1,282,282,282,282,282,282,282,281.9,282.1,282.4,282.6,282.7,282.8,282.9,282.9,282.9,282.9,283,283.1,283.5
277.3,277.4,277.4,277.6,277.6,277.7,277.8,277.9,277.9,278,278.1,278.2,278.4,278.5,278.6,278.6,278.7,278.7,278.8,278.9,279.1,279.1,279.2,279.2,279.3,279.6,279.8,280.1,280.6,280.9,281.1,281.2,281.2,281.2,281.3,281.5,281.6,281.8,282,282,282,282.1,282.1,282.2,282.1,282.1,282.1,282,281.9,281.9,281.8,281.8,281.7,281.7,281.7,281.7,281.7,281.7,281.6,281.6,281.5,281.5,281.5,281.4,281.5,281.5,281.7,281.8,281.9,282,282.1,282.2,282.3,282.3,282.3,282.3,282.4,282.6
276.6,276.7,276.9,277.1,277.1,277.3,277.3,277.3,277.3,277.3,277.4,277.5,277.6,277.7,277.7,277.8,277.9,277.9,277.9,278,278,278.1,278.2,278.3,278.3,278.4,278.5,278.6,279,279.5,279.8,280,280.2,280.2,280.4,280.5,280.7,280.9,281.1,281.3,281.4,281.5,281.5,281.6,281.6,281.6,281.5,281.4,281.4,281.3,281.3,281.4,281.4,281.4,281.4,281.3,281.3,281.2,281.1,281.1,281.1,281.1,281,281,281,281,281.1,281.1,281,281.1,281.3,281.4,281.5,281.6,281.8,281.8,281.9,281.9
276,276.3,276.4,276.6,276.6,276.8,276.6,276.6,276.5,276.5,276.5,276.4,276.3,276.4,276.6,276.7,276.9,276.9,276.9,276.9,277,277.1,277.1,277.1,277.2,277.3,277.3,277.5,277.6,277.9,278.4,278.8,279,279.1,279.3,279.4,279.6,279.7,279.8,280,280.3,280.5,280.7,280.8,280.8,280.9,280.9,280.8,280.8,280.9,281,281.1,281.2,281.2,281.1,281,280.9,280.8,280.7,280.7,280.7,280.7,280.6,280.5,280.4,280.4,280.3,280.3,280.3,280.4,280.5,280.5,280.7,280.9,281.1,281.3,281.4,281.5
