public/data/weather/current/current-temp-surface-level-gfs-1.0.json
{"header": {"discipline":0,"disciplineName":"Meteorological products","gribEdition":2,"gribLength":35278,"center":7,"centerName":"US National Weather Service - NCEP(WMC)","subcenter":0,"refTime":"2014-10-15T18:00:00.000Z","significanceOfRT":1,"significanceOfRTName":"Start of forecast","productStatus":0,"productStatusName":"Operational products","productType":1,"productTypeName":"Forecast products","productDefinitionTemplate":0,"productDefinitionTemplateName":"Analysis/forecast at horizontal level/layer at a point in time","parameterCategory":0,"parameterCategoryName":"Temperature","parameterNumber":0,"parameterNumberName":"Temperature","parameterUnit":"K","genProcessType":2,"genProcessTypeName":"Forecast","forecastTime":6,"surface1Type":103,"surface1TypeName":"Specified height level above ground","surface1Value":2,"surface2Type":255,"surface2TypeName":"Missing","surface2Value":0,"gridDefinitionTemplate":0,"gridDefinitionTemplateName":"Latitude_Longitude","numberPoints":65160,"shape":6,"shapeName":"Earth spherical with radius of 6,371,229.0 m","gridUnits":"degrees","resolution":48,"winds":"true","scanMode":0,"nx":360,"ny":181,"basicAngle":0,"subDivisions":0,"lo1":0,"la1":90,"lo2":359,"la2":-90,"dx":1,"dy":1}, "data":
[rows 140 to 174 of 181, columns 234 to 311 of 360]
281.1,281,280.7,280.4,280.3,280.1,279.8,279.6,279.4,279.1,279.1,279.3,279.6,279.9,280,279.9,279.9,279.7,279.7,279.7,279.8,279.8,279.8,279.9,279.8,279.8,279.8,279.8,279.8,279.8,279.7,279.7,279.8,279.7,279.7,279.6,279.5,279.6,279.6,279.5,279.7,280.2,280.5,280.5,280.8,280.9,281.1,281.3,281.6,281.8,281.7,280.9,277.8,273.5,280.8,281.5,283.3,282.2,280.4,280.2,280.7,280.7,280.3,279.9,279.9,279.9,279.8,279.7,279.5,279.2,279.1,279,278.9,278.9,278.9,279,279,278.8
280.5,280.3,280.2,280.2,280.1,279.9,279.5,279.1,278.7,278.7,278.8,279.1,279.4,279.6,279.6,279.6,279.7,279.7,279.6,279.6,279.6,279.6,279.6,279.5,279.6,279.6,279.6,279.8,279.6,279.5,279.5,279.5,279.5,279.7,279.9,279.6,279.5,279.5,279.4,279.3,279.4,280.1,280.3,280.2,280.4,280.6,280.7,280.9,281.2,281.2,281.4,282.2,281.5,273.3,280.2,281.6,281,279.8,279.6,280,279.9,279.9,279.9,279.7,279.7,279.7,279.7,279.6,279.3,279.1,278.9,278.7,278.6,278.5,278.4,278.4,278.2,278.1
280.1,280.1,280,279.9,279.7,279.4,278.9,278.4,278.2,278.2,278.5,278.6,278.6,278.6,278.5,278.5,278.4,278.5,278.5,278.6,278.7,278.8,279,279.1,279.2,279.2,279.3,279.6,279.5,279.3,279.3,279.3,279.3,279.3,279.3,279.3,279.3,279.3,279.3,279.3,279.1,279.2,279.9,279.9,280,280.2,280.3,280.4,280.7,281,281,280.7,281.3,277.8,276.4,280.5,279.5,279.6,279.6,279.9,279.9,279.8,279.7,279.5,279.4,279.2,279.1,279.1,279.1,279.2,279,278.7,278.5,278.3,278.2,278,277.8,277.5
279.8,279.7,279.6,279.5,279.3,278.8,278.2,277.9,277.7,277.7,277.9,277.9,277.7,277.5,277.4,277.2,277.2,277.1,277.1,277.4,277.8,278.1,278.2,278.3,278.5,278.7,279,279.3,279.4,279.3,279.2,279.2,279.1,279,279,279,278.9,278.9,279,279,279.1,278.9,278.6,278.9,279.5,279.6,279.7,279.8,280.1,280.4,280.6,280.5,280,278,279.4,281.2,280.4,278.6,280.6,279.9,279.6,279.7,279.6,279.7,279.5,279.3,279.4,279.7,279.8,279.6,279.3,278.9,278.6,278.3,278.1,277.8,277.5,277.2
279.5,279.4,279.2,279,278.7,278.2,277.8,277.4,277.3,277.2,277.4,277.4,277.2,276.9,276.7,276.5,276.4,276.4,276.5,276.7,277,277.2,277.2,277.3,277.4,277.8,278.2,278.6,278.8,278.9,278.9,278.9,279,278.9,278.9,278.9,279,278.9,278.8,278.8,278.9,278.8,278.9,278.7,278.6,278.9,279.2,279.3,279.4,279.4,279.7,280,279.8,278.6,280.4,279.6,279.4,276.3,277.4,280.1,280.1,279.5,279.1,278.9,278.8,278.8,278.7,278.7,278.6,278.5,278.4,278.3,278.1,278,277.7,277.5,277.2,276.9
279.1,279,278.8,278.5,278.3,278,277.7,277.3,277.1,277,277,277,277,276.9,276.6,276.5,276.4,276.4,276.3,276.3,276.3,276.4,276.3,276.2,276.2,276.6,277.1,277.5,277.9,278.1,278.3,278.4,278.4,278.5,278.5,278.5,278.5,278.5,278.5,278.5,278.6,278.7,278.7,278.7,278.7,278.7,278.7,278.8,279,279.2,279.3,279.5,279.5,279.3,279.6,280,278.2,275.1,276.5,276.8,277.5,279.1,278.9,278.5,278.1,277.9,277.8,277.8,277.7,277.7,277.6,277.5,277.3,277.2,277.1,276.8,276.6,276.3
278.5,278.5,278.4,278.2,278,277.8,277.7,277.5,277.3,277.1,277,276.9,276.8,276.7,276.6,276.5,276.5,276.5,276.5,276.5,276.3,276.2,276.1,275.9,275.8,275.7,275.8,276.1,276.5,276.8,277.2,277.5,277.8,278,278,278.1,278.2,278.3,278.3,278.3,278.3,278.2,278.3,278.5,278.5,278.4,278.5,278.5,278.5,278.5,278.6,278.8,279,278.9,278.9,279,279.2,279.4,279.4,279.3,279.2,279,278.6,278.1,277.8,277.5,277.3,277,276.8,276.5,276.4,276.4,276.4,276.3,276.2,276,275.8,275.4
277.9,278,277.9,277.8,277.7,277.5,277.4,277.4,277.4,277.3,277.2,277,276.9,276.7,276.6,276.5,276.4,276.4,276.5,276.5,276.5,276.3,276,275.7,275.4,275.2,275.1,275,275.1,275.3,275.7,276.1,276.5,276.9,277.3,277.5,277.7,277.8,278.1,278.3,278.1,278.1,278.1,278,278,278.1,278.1,278.2,278.2,278.2,278.3,278.3,278.4,278.5,278.6,278.7,278.8,278.7,278.6,278.5,278.3,278,277.7,277.3,276.9,276.6,276.2,276,275.8,275.7,275.6,275.5,275.4,275.3,275.1,274.8,274.5,274.1
277.3,277.3,277.4,277.4,277.3,277.3,277.2,277.2,277.1,277.1,277,276.8,276.6,276.6,276.5,276.5,276.4,276.3,276.3,276.3,276.3,276.3,276.1,275.9,275.6,275.2,274.8,274.5,274.3,274.5,274.6,274.8,275.2,275.6,276,276.4,276.8,277.1,277.3,277.5,277.5,277.5,277.6,277.8,277.9,277.8,277.8,277.9,278,277.9,277.9,278,278.1,278.1,278.1,278.2,278.2,278.1,278,277.8,277.6,277.2,276.7,276.4,276,275.7,275.4,275.1,274.8,274.6,274.5,274.3,274.2,274,273.9,273.7,273.5,273.3
275.5,275.9,276.2,276.4,276.5,276.5,276.5,276.6,276.7,276.8,276.7,276.6,276.5,276.3,276.1,276,275.9,276,276,276.1,276.1,276,275.9,275.8,275.6,275.3,274.9,274.5,274.1,273.8,274,274,273.9,274.1,274.3,274.6,275.2,275.7,276.3,276.7,276.9,277.1,277.2,277.3,277.5,277.6,277.6,277.6,277.7,277.8,277.5,277.2,277.1,277.2,277.3,277.4,277.4,277.3,277.1,276.9,276.6,276.2,275.7,275.3,275,274.8,274.5,274.2,273.8,273.7,273.6,273.5,273.3,273.2,273,272.8,272.7,272.6
274.1,274.3,274.6,275,275.2,275.3,275.3,275.4,275.4,275.5,275.6,275.7,275.8,275.9,275.8,275.6,275.5,275.5,275.5,275.5,275.6,275.6,275.5,275.6,275.4,275.1,274.9,274.7,274.4,273.9,273.6,273.6,273.6,273.5,273.5,273.5,273.6,273.8,274.6,275.5,276.1,276.4,276.7,276.7,276.9,277,277.1,277.2,277.2,277.2,277.2,277,276.8,276.7,276.7,276.6,276.3,276.1,275.8,275.5,275.2,274.9,274.6,274.3,274,273.7,273.4,273.2,273.1,273.1,273,272.9,272.7,272.6,272.5,272.6,272.6,272.8
273.4,273.6,273.8,273.9,274.1,274.2,274.2,274.3,274.4,274.4,274.6,274.7,274.7,274.7,274.7,274.8,274.9,275,275,274.9,274.8,274.8,274.8,274.8,274.9,274.9,274.8,274.6,274.4,274.1,273.8,273.4,273.1,273,272.8,272.7,272.6,272.8,273.1,273.7,274.4,274.9,275.5,275.9,276.2,276.3,276.3,276.2,276.2,276.2,276.1,275.9,275.8,275.6,275.4,275.3,275.1,274.9,274.6,274.3,274.1,273.9,273.6,273.3,273.2,273,272.9,272.8,272.7,272.6,272.5,272.3,272.5,272.5,272.6,272.6,272.7,272.7
273,273.1,273.3,273.4,273.4,273.5,273.6,273.6,273.6,273.7,273.7,273.8,273.8,273.8,273.8,273.8,273.7,273.8,273.8,273.9,274,273.9,273.9,274,274.1,274.1,274.3,274.6,274.4,274,273.7,273.3,272.9,272.6,272.3,272.1,271.9,271.8,271.9,272.2,272.7,273.2,273.7,274.3,275,275.4,275.3,275.3,275.2,275.1,275,274.6,274.3,274.1,274,273.9,273.8,273.8,273.6,273.4,273.3,273.2,272.9,272.8,272.6,272.6,272.5,272,272.3,272.7,272.5,272.3,272.1,272.2,272.2,272.3,271.9,269.5
272.6,272.7,272.8,272.8,272.9,272.9,272.9,273,273,273,273.1,273.2,273.2,273.1,273,273,272.9,272.9,272.9,272.8,272.8,272.9,273,273,273,273.2,273.5,273.9,274.1,274,273.5,273.1,272.7,272.4,272,271.8,271.5,271.3,271.1,271.1,271.4,271.9,272.3,272.6,273.2,273.9,274.3,274.2,274.1,274,273.6,273.5,273.4,273.2,273,272.9,272.9,272.9,272.9,272.8,272.7,272.5,272.5,272.3,272.2,272.2,270.9,269.8,267.4,265.8,265,265,265.2,265.2,264.2,263,262.1,261.6
272.2,272.2,272.2,272.2,272.2,272.2,272.3,272.4,272.4,272.4,272.5,272.5,272.5,272.5,272.5,272.5,272.4,272.3,272.2,272.1,272,272,272.1,272.3,272.4,272.4,272.6,272.9,273.1,273.2,273.1,272.7,272.4,272.1,271.7,271.5,271.2,270.9,270.5,270.3,270.3,270.7,271.3,271.7,271.9,272.3,272.9,273.2,273.1,272.8,272.6,272.7,273.1,273.1,272.7,272.6,272.8,273,272.9,272.9,273,272.1,270.8,270.8,271.3,270.2,263.8,260.7,255.8,260.5,260,259.2,260,260.1,260.2,260.1,259.7,258.7
271.9,271.9,271.9,271.8,271.8,271.8,271.8,271.9,271.9,271.9,271.9,272,272,271.9,271.9,271.9,271.9,271.8,271.7,271.5,271.5,271.4,271.5,271.5,271.7,271.8,271.9,272,272.1,272.3,272.3,272.1,271.9,271.7,271.5,271.2,270.8,270.6,270.2,269.8,269.3,269.1,269.6,270.6,271.1,271.4,271.9,272.5,272.9,272.9,272.7,272.7,272.8,272.7,272.5,272.4,272.2,272,272,272,271.7,270,267.5,262.6,253.5,249,252,252.5,251.9,253,253.1,252.3,253.7,254.8,255.6,255.4,254.9,254.3
271.8,271.8,271.7,271.7,271.6,271.6,271.6,271.6,271.6,271.6,271.7,271.6,271.5,271.6,271.5,271.5,271.4,271.4,271.4,271.3,271.2,271.1,271.1,271.2,271.3,271.5,271.6,271.6,271.5,271.2,271.1,271.1,271.1,270.9,270.5,270.2,269.9,269.4,268.9,268.6,268.2,267.6,267.2,267.1,267.8,269.4,270.6,271.3,271.8,272.2,272.4,272.3,272.1,272,270.3,266.5,271,271.7,271.1,269.7,269.2,266.7,264.4,257.8,251.8,248.9,248.5,249.3,250.3,248.6,248.2,248.6,248.7,249.2,250.9,252.1,252.5,252.5
272.6,272.5,272.3,272,271.9,271.8,271.7,271.7,271.7,271.7,271.7,271.7,271.8,271.8,271.5,271.3,271,270.8,270.6,270.4,270.4,270.4,270.6,270.9,271.1,271.3,271.3,271.4,271.4,271.3,270.9,270.6,270.4,270.3,270,269.6,269.1,268.3,267.7,267.2,266.8,266.4,266.2,266.3,266.9,267.5,268.2,269.3,270.4,271.4,271.9,272.3,271.5,269.4,269,269.3,270.3,268.5,266.4,261.8,263.3,256.8,251.1,248.9,250.4,251.2,251.4,249.6,247.8,247.6,248.9,248.9,249.3,250.2,251.8,252.2,252,251.5
272.9,272.8,272.7,272.6,272.5,272.4,272.4,272.3,272.2,272.2,272.2,272,271.6,271,270.6,270.2,269.9,269.5,269.2,269,269,269.1,269.3,269.8,270.3,270.9,271.2,271.4,271.4,271.3,270.9,270.4,270.1,269.9,269.5,269,268.3,267.5,266.6,266,265.7,265.9,266.5,266.5,266.1,265.8,265.6,265.9,267.8,270.2,271.6,271.9,271,270.6,270.6,270.8,270.5,269.8,267.3,261.4,258.9,247.6,246.6,244.5,248.7,250.5,248.8,247.4,248,248.9,249.2,250.1,250.4,250.1,251.3,252.7,252.2,250.7
272.7,272.8,272.9,272.8,272.6,272.6,272.5,272.4,272.1,271.6,270.9,269.9,268.6,267.6,267.1,266.9,267.4,267.6,267.7,267.9,268.3,268.8,269.4,269.8,270.2,270.7,271.3,271.7,271.7,271.4,270.9,270.4,269.9,269.3,268.2,267,266.1,265.1,264.6,264.6,265.4,266.2,267.2,267.8,267.5,267.5,267.7,267.7,268.7,270.8,271.7,270.9,269.9,269.7,267.3,262.9,261.8,264.2,267.2,262.3,260.8,256.4,249.2,247.7,247.5,245.8,246.7,248.1,248.2,249.3,251.4,252.3,252.7,252.8,253,253.3,252.7,251.5
272.8,272.8,272.6,272.5,272.3,271.9,271.3,270.5,269.6,268.8,268,267.1,266.5,266.2,266.1,266.3,266.4,266.6,267,267.5,268.1,268.8,269.6,270.3,270.9,271.3,271.4,271.4,271.1,270.7,270.1,269.4,268.4,267.1,266.2,265.5,265,264.8,264.8,265.5,266,266.1,266.1,266.6,267.6,269,270,270.6,270.9,270.7,269.2,268.2,268.6,268.8,266.2,265.5,262.9,263.4,264.4,260.4,256.7,255.4,253.3,243.6,243.6,241.5,243.3,246.3,249,249.8,251.1,252.3,253.2,253.3,253.3,252.9,252.2,251.1
270.2,270,269.6,269.1,268.6,268,267.5,267,266.6,266.2,266.1,266.3,267,267.9,268.7,269.3,270,270.7,271.1,271.3,271.3,271.3,271.3,271.2,270.9,270.4,269.8,269.2,268.4,267.6,266.6,265.6,264.7,264,263.6,263.7,264.2,264.6,264.8,264.7,265.1,265.5,266,266.4,267.3,269,270.5,270.5,269.4,268.3,267,266.3,266.4,266,265.4,264.2,262.1,262.1,264,261.9,256.8,252.8,250.7,248.3,243.4,241.3,244.2,244.8,248,250.2,251.7,252.4,253.2,253.5,253.3,252.8,252,251.1
265,264.9,264.7,264.4,264,263.9,263.8,264.1,264.2,264.8,265.4,266.1,266.6,267.1,267.7,268.6,269.4,269.9,270,269.8,269.6,269,268.4,267.5,265.6,264.2,263.9,263.5,263,262.6,262.3,261.7,260.4,260.6,261.4,262.3,263.2,263.6,264.1,265,266,266.4,266.5,267.1,268.5,270,270.5,269.6,268.3,267.6,267.1,265.6,264.9,265.6,266.3,265.9,265.3,265,266,264.3,259.9,256.6,253.1,243.1,244.2,242.1,239.5,240.8,244.9,250.3,251.9,253,253.5,253.5,253.2,252.8,252.2,251.3
264.2,264.5,265.1,265.5,265.8,265.9,266.3,266.7,266.9,267.1,267.3,267.5,267.9,268.2,268.5,268.5,268,267.3,266.5,265.9,265.4,264.9,264.1,262.5,261.8,261.6,260.9,260.5,260.7,261,261.6,261.7,261.9,262.1,262.1,262,261.9,261.4,261.6,262.2,262.9,264,265.9,267.6,268.8,268.7,267.3,265.9,265.4,266.1,265.6,264.7,265.4,265.9,265.6,265.2,264.8,264.4,263.4,261,256.7,253.5,252.1,246.1,246.2,244.7,245.1,246.2,244.6,250.7,253,252.8,252.8,252.8,252.6,252.3,251.9,251.4
259.2,258.4,258.5,258.2,256.8,256.2,257,257.9,258.5,258.4,258.8,258.6,258.5,261.1,261.2,260.8,261,261.3,262.2,263.1,263,262.8,262.6,262.1,260.9,259.6,258.6,257.8,257.4,257.3,256.7,255.7,255.1,255.3,255.4,255.1,254.6,254.2,253.5,252.3,251.3,251.2,251.6,252.6,253.5,252.1,249.8,250.6,254.6,259.3,261.8,261.8,261.2,259.8,258.6,258.1,257.2,255.8,253.9,252.7,253.3,254,251.3,248.8,246.3,242,242.1,245.2,246.6,250,250.6,250.3,250.2,250.4,250.5,250.5,250.2,249.8
256,256.2,256.2,256.2,255.9,255.4,255.1,254.7,253.7,252.5,252.6,253.8,255.1,256,256.2,256,256.4,257,257.1,256.9,256.9,256.9,257.2,258,258.9,259.8,260.6,259.6,257.2,255.3,254.7,254.5,254.1,253.1,251.6,249.8,247.7,245.5,243.1,241.2,240.4,240.7,241.1,241.3,241,240,239.3,240.1,240.9,241.5,243.2,246.4,249.7,251.7,253.7,255.2,255.4,254.8,254,252.5,249.9,247.5,242.3,238.7,239.5,240.6,241.5,247.4,248.1,247.3,246.2,245,244.7,244.8,245,245.6,245.6,245.2
248,247.9,247.7,247.3,246.9,246.5,246.4,246.5,246.8,246.9,247.4,248.9,250,249.4,248.9,249.9,251.1,251.7,252,251.8,250.8,249.7,248.9,248.2,247.5,247.2,247.1,246.8,246.5,246.4,246.2,245.9,245.5,244.8,244.2,243.5,242.8,242.1,241.5,241.3,241.6,242.4,243.1,243.2,242.9,242.9,243.5,244.6,245.2,245.3,245.6,246,246.1,245.8,245.3,244.8,245.1,245.1,244.4,242.8,239.6,239.6,239.4,237,237.5,240,243,243.1,241.2,238.6,236.4,235.7,236.3,236.6,235.8,236.5,238.5,241.1
246.7,246.6,246,245.1,244.1,243.5,243.2,242.9,242.8,243.3,244.1,244.8,245.4,246,246.3,246.6,246.7,246.8,246.8,246.6,246.3,246,245.5,244.9,244,243.1,242.4,241.8,241.4,241.1,240.8,240.3,239.9,239.5,239.4,239.2,239,239,238.9,238.8,238.8,238.8,238.9,239.6,240.8,241.2,241,241.5,242.8,243.8,243.9,243.7,243.8,244.1,244.3,244.3,244.5,244.9,245.1,245,244.9,244.8,244.7,244.1,243,241.5,240.7,240.4,239.4,237.4,236,235.2,234.7,234.9,236.1,238.5,240.9,242.7
249.5,249.2,248.3,247.1,245.4,243.9,242.8,242.4,242.3,242.6,242.8,243.1,243.3,243.5,243.8,244,244,243.9,243.6,243.1,242.7,242.3,242,241.6,241.2,240.7,240.3,240,239.8,239.7,239.7,239.7,239.8,240,240.4,240.9,241.7,242.4,241.4,239.4,237.5,232.8,234.9,241.1,240.2,240.8,241.9,241.4,240.7,239.8,239.4,239.4,239.8,240.2,240.3,239.9,239.5,239.3,239.1,238.9,238.8,238.2,237.6,237.2,236.6,235.7,234.9,234.5,234.7,235.1,235.5,235.5,235.6,237,239.5,241.2,242.1,242.6
249.7,248.6,247.1,245.7,244.6,243.8,243.4,243.3,243.4,243.2,242.9,242.3,241.9,241.8,241.9,242,241.8,241.5,241,240.6,240.1,239.5,239,238.5,238.3,238.1,238.1,238.3,238.6,239,239.4,239.7,239.8,239.6,239.1,238.7,238.1,238,237.6,236,232.2,230.7,235,240.1,240,236.1,234.5,237.5,240.5,241.2,240.7,240.1,239.9,240,240.2,239.5,238.5,238,238.2,238.6,238.5,238.1,237.7,237.4,237.1,236.9,236.7,236.5,236.1,235.6,235.1,235,235.4,235.7,234.4,232.1,231.2,231.9
249.8,248.3,246.9,245.7,245,244.7,244.7,244.8,244.8,244.7,244.4,244.1,243.9,243.7,243.4,243,242.3,241.5,240.6,239.7,238.8,238,237.4,237,236.7,236.6,236.6,236.7,236.8,237.1,237.1,236.9,236.5,236.1,235.5,235,234.3,233.2,230.2,227.1,225.7,225.7,227.5,232.2,235.8,237.3,237.8,238.2,238.8,240,240.7,240.6,240.1,239.7,239.4,239,238.5,238,237.6,237.2,236.9,236.9,237.3,238.1,238.7,239.1,239.4,239.7,240.1,240.3,240,237.6,233.4,231.5,231.4,231.4,231.9,233.1
250.8,249.4,248.2,247.3,246.7,246.3,246.2,246.1,246,245.7,245.3,244.8,244.1,243.4,242.7,242,241.4,240.8,240.1,239.4,238.8,238.3,237.8,237.4,237.1,236.9,236.8,236.7,236.7,236.8,236.8,236.5,235.9,235.3,234.6,234,233,229.6,226.6,226.1,228.3,231.6,234.1,235.3,236.1,237,238,238.9,239.7,240.4,240.6,240.6,240.3,240.2,240.1,239.8,239.4,238.3,236.9,235.5,234.7,234.4,234.9,235.7,237,238.2,239.1,239.7,240,240.1,240.2,240.3,239.8,239.7,240.9,242.4,243.4,243.9
251.6,251.1,250.8,250.5,250.4,250.2,250,249.5,248.9,248.3,247.6,247.1,246.5,245.8,245,244.2,243.4,242.7,242.1,241.4,240.8,240.1,239.6,239.2,238.7,238.2,237.7,237,236.2,235.5,234.7,234,233.4,232.9,231.8,229.6,225.4,224.9,227.3,230.8,233.6,234.3,234.9,235.6,236.4,237.2,237.9,238.5,239.2,239.8,240.3,240.5,240.4,240.2,239.9,239.9,240.3,241,241.5,241.7,241.3,240.6,240,240.1,240.7,241.3,241.8,242.1,242.4,243,243.7,244.5,245.3,245.5,245.5,245.6,246.1,246.5
249.9,249.8,249.7,249.6,249.6,249.5,249.2,249,248.6,248.4,248.2,248,247.9,247.6,247.1,246.5,245.7,244.8,243.6,242.1,240.4,238.6,236.8,235.2,234,233.1,232.4,232,231.7,231.5,231.4,231.5,231.6,231.5,230.8,230,229.6,230.6,231.6,232.5,233,233.5,233.8,234.1,234.4,234.9,235.3,235.9,236.5,237.2,237.9,238.5,239.1,239.6,240.2,240.7,241.2,241.6,242,242.3,242.4,242.6,242.9,243.3,243.9,244,243.5,239.6,237.8,238.2,241.6,242.8,242.7,241.4,239.7,238.9,239.3,240.8
249.8,249.5,249.1,248.7,248.2,247.6,246.9,246.2,245.3,244.3,243.3,242.2,241.2,240.2,239.3,238.4,237.6,236.9,236.2,235.6,235,234.7,234.3,234.2,234,233.9,233.7,233.5,233.2,233,232.7,232.5,232.4,232.2,232,231.9,231.9,232,232.2,232.4,232.6,232.7,232.7,232.7,232.8,232.9,233.1,233.4,233.7,234.1,234.6,235.1,235.7,236.2,236.8,237.3,237.9,238.6,239.4,240.2,241.2,242,242.7,243,243.1,242.5,242.5,242.9,242.4,241.6,240.4,239.4,238.5,237.8,237.3,237,237.7,238.7
