public/data/weather/current/current-mean_sea_level_pressure-gfs-1.0.json
{"header": {"discipline":0,"disciplineName":"Meteorological products","gribEdition":2,"gribLength":59681,"center":7,"centerName":"US National Weather Service - NCEP(WMC)","subcenter":0,"refTime":"2014-10-15T18:00:00.000Z","significanceOfRT":1,"significanceOfRTName":"Start of forecast","productStatus":0,"productStatusName":"Operational products","productType":1,"productTypeName":"Forecast products","productDefinitionTemplate":0,"productDefinitionTemplateName":"Analysis/forecast at horizontal level/layer at a point in time","parameterCategory":3,"parameterCategoryName":"Mass","parameterNumber":1,"parameterNumberName":"Pressure_reduced_to_MSL","parameterUnit":"Pa","genProcessType":2,"genProcessTypeName":"Forecast","forecastTime":3,"surface1Type":101,"surface1TypeName":"Mean sea level","surface1Value":0,"surface2Type":255,"surface2TypeName":"Missing","surface2Value":0,"gridDefinitionTemplate":0,"gridDefinitionTemplateName":"Latitude_Longitude","numberPoints":65160,"shape":6,"shapeName":"Earth spherical with radius of 6,371,229.0 m","gridUnits":"degrees","resolution":48,"winds":"true","scanMode":0,"nx":360,"ny":181,"basicAngle":0,"subDivisions":0,"lo1":0,"la1":90,"lo2":359,"la2":-90,"dx":1,"dy":1}, "data":
[rows 0 to 31 of 181, columns 71 to 141 of 360]
102950,102950,102950,102950,102950,102950,102950,102950,102950,102950,102950,102950,102950,102950,102950,102950,102950,102950,102950,102950,102950,102950,102950,102950,102950,102950,102950,102950,102950,102950,102950,102950,102950,102950,102950,102950,102950,102950,102950,102950,102950,102950,102950,102950,102950,102950,102950,102950,102950,102950,102950,102950,102950,102950,102950,102950,102950,102950,102950,102950,102950,102950,102950,102950,102950,102950,102950,102950,102950,102950,102950
102800,102800,102810,102810,102810,102810,102820,102820,102820,102830,102830,102830,102830,102840,102840,102840,102850,102850,102850,102850,102860,102860,102860,102870,102870,102870,102880,102880,102880,102890,102890,102890,102900,102900,102910,102910,102910,102920,102920,102920,102930,102930,102930,102940,102940,102950,102950,102950,102960,102960,102960,102970,102970,102980,102980,102980,102990,102990,102990,103000,103000,103010,103010,103010,103020,103020,103020,103030,103030,103040,103040
102640,102650,102650,102660,102660,102670,102670,102680,102680,102690,102690,102700,102700,102710,102710,102720,102730,102730,102740,102740,102750,102760,102760,102770,102770,102780,102790,102790,102800,102810,102810,102820,102830,102830,102840,102850,102850,102860,102870,102870,102880,102890,102900,102900,102910,102920,102930,102930,102940,102950,102950,102960,102970,102980,102990,102990,103000,103010,103020,103020,103030,103040,103050,103050,103060,103070,103080,103090,103090,103100,103110
102480,102480,102490,102500,102510,102510,102520,102530,102540,102550,102550,102560,102570,102580,102590,102600,102610,102610,102620,102630,102640,102650,102660,102670,102680,102680,102690,102700,102710,102720,102730,102740,102750,102760,102770,102780,102790,102800,102810,102820,102830,102840,102850,102860,102870,102880,102890,102900,102910,102920,102930,102940,102950,102960,102970,102980,102990,103010,103020,103030,103040,103050,103060,103080,103090,103100,103110,103120,103130,103150,103160
102300,102310,102320,102330,102350,102360,102370,102380,102390,102400,102410,102420,102440,102450,102460,102470,102480,102490,102500,102520,102530,102540,102550,102560,102570,102580,102600,102610,102620,102630,102640,102650,102670,102680,102690,102700,102710,102730,102740,102750,102760,102780,102790,102800,102820,102830,102840,102860,102870,102880,102900,102910,102930,102940,102960,102970,102980,103000,103020,103030,103050,103060,103080,103090,103110,103120,103140,103160,103170,103190,103200
102140,102150,102160,102180,102190,102200,102220,102230,102240,102260,102270,102280,102300,102310,102320,102340,102350,102360,102380,102390,102400,102420,102430,102440,102460,102470,102480,102500,102510,102520,102540,102550,102560,102580,102590,102610,102620,102640,102650,102670,102680,102700,102720,102730,102750,102770,102780,102800,102820,102840,102860,102870,102890,102910,102930,102950,102970,102990,103010,103030,103050,103070,103090,103110,103130,103150,103170,103190,103210,103230,103250
102000,102010,102030,102040,102050,102070,102080,102100,102110,102120,102140,102150,102170,102180,102190,102210,102220,102240,102250,102260,102280,102290,102300,102320,102330,102340,102360,102370,102380,102400,102410,102430,102440,102460,102470,102490,102500,102520,102540,102560,102570,102590,102610,102630,102650,102680,102700,102720,102740,102760,102790,102810,102830,102860,102880,102900,102930,102950,102980,103000,103030,103050,103070,103100,103120,103150,103170,103200,103220,103240,103270
101900,101910,101920,101930,101950,101960,101970,101990,102000,102020,102030,102040,102060,102070,102090,102100,102120,102130,102140,102160,102170,102180,102190,102210,102220,102230,102240,102250,102260,102270,102290,102300,102310,102320,102340,102350,102360,102380,102400,102420,102440,102460,102480,102500,102520,102550,102570,102600,102630,102650,102680,102710,102740,102770,102800,102820,102850,102880,102910,102940,102960,102990,103020,103050,103070,103100,103130,103150,103180,103210,103230
101810,101820,101830,101850,101860,101870,101880,101900,101910,101930,101940,101960,101980,101990,102010,102020,102040,102050,102070,102080,102100,102110,102120,102130,102140,102150,102150,102160,102170,102170,102180,102180,102190,102200,102200,102210,102220,102230,102250,102260,102280,102300,102320,102340,102370,102400,102420,102450,102480,102520,102550,102580,102620,102650,102690,102720,102750,102780,102820,102850,102880,102910,102940,102960,102990,103020,103050,103070,103100,103130,103150
101720,101730,101740,101750,101770,101780,101800,101810,101830,101850,101870,101880,101900,101920,101940,101960,101980,102000,102010,102030,102040,102060,102070,102080,102080,102090,102090,102100,102100,102100,102100,102100,102090,102090,102090,102100,102100,102100,102110,102120,102130,102150,102160,102190,102210,102240,102270,102300,102330,102370,102410,102450,102480,102520,102560,102600,102640,102680,102710,102750,102780,102810,102840,102870,102900,102930,102960,102980,103010,103040,103070
101600,101620,101630,101650,101670,101680,101700,101720,101740,101760,101780,101800,101830,101850,101870,101890,101910,101930,101950,101970,101980,102000,102010,102020,102030,102030,102040,102040,102040,102030,102030,102030,102020,102020,102010,102010,102000,102000,102000,102000,102010,102020,102030,102050,102070,102090,102120,102150,102190,102220,102260,102300,102350,102390,102430,102470,102510,102550,102590,102630,102660,102700,102730,102760,102790,102820,102850,102870,102900,102930,102960
101490,101500,101520,101540,101560,101580,101600,101620,101650,101670,101690,101710,101730,101760,101780,101800,101820,101840,101860,101870,101890,101910,101920,101930,101940,101950,101950,101960,101960,101960,101960,101960,101950,101950,101940,101940,101930,101930,101920,101920,101920,101920,101930,101940,101950,101970,101990,102020,102050,102080,102120,102160,102200,102240,102280,102320,102360,102400,102440,102480,102510,102540,102570,102600,102630,102660,102690,102720,102750,102770,102800
101370,101390,101410,101430,101450,101480,101500,101520,101550,101570,101590,101610,101630,101650,101670,101690,101710,101730,101740,101760,101770,101790,101800,101810,101820,101830,101840,101850,101860,101870,101870,101870,101870,101870,101870,101870,101860,101850,101850,101840,101840,101830,101830,101840,101840,101850,101870,101890,101910,101940,101970,102000,102040,102080,102120,102160,102200,102230,102270,102310,102340,102370,102400,102430,102450,102480,102500,102530,102550,102580,102610
101230,101250,101270,101300,101320,101350,101380,101400,101430,101460,101480,101500,101530,101550,101570,101590,101600,101620,101630,101650,101660,101670,101680,101690,101700,101710,101730,101740,101750,101750,101760,101770,101770,101770,101770,101760,101760,101750,101740,101730,101720,101710,101710,101700,101700,101710,101720,101740,101760,101790,101820,101850,101890,101920,101960,102000,102040,102080,102120,102150,102180,102210,102240,102260,102290,102310,102330,102350,102380,102400,102420
101050,101070,101100,101130,101160,101190,101220,101250,101280,101320,101350,101380,101410,101440,101460,101490,101510,101530,101540,101560,101570,101580,101590,101600,101610,101620,101630,101630,101640,101640,101650,101650,101650,101640,101640,101630,101620,101600,101590,101580,101560,101550,101540,101540,101540,101550,101560,101580,101610,101640,101670,101710,101750,101790,101830,101870,101910,101950,101980,102020,102050,102070,102100,102120,102150,102170,102190,102210,102230,102250,102270
100830,100860,100890,100930,100960,101000,101040,101080,101120,101160,101200,101240,101280,101310,101350,101380,101410,101430,101460,101480,101490,101510,101520,101530,101530,101540,101540,101540,101540,101540,101530,101530,101520,101510,101500,101490,101470,101460,101440,101430,101410,101400,101400,101400,101410,101420,101440,101470,101500,101530,101570,101610,101650,101690,101730,101760,101790,101820,101850,101870,101900,101920,101940,101960,101980,102000,102020,102050,102070,102090,102110
100580,100620,100670,100720,100770,100820,100860,100910,100960,101000,101040,101090,101130,101170,101210,101250,101280,101310,101340,101370,101390,101410,101420,101430,101430,101440,101430,101430,101430,101420,101410,101410,101400,101390,101380,101370,101360,101350,101340,101340,101330,101330,101330,101340,101360,101380,101400,101430,101460,101500,101540,101570,101600,101630,101650,101670,101690,101700,101710,101710,101720,101730,101740,101750,101760,101780,101800,101820,101840,101860,101880
100340,100400,100470,100530,100590,100650,100710,100760,100800,100850,100890,100930,100970,101000,101040,101080,101110,101150,101180,101210,101240,101260,101270,101280,101280,101290,101280,101280,101280,101270,101270,101270,101280,101280,101290,101290,101300,101300,101310,101320,101320,101330,101340,101360,101380,101400,101430,101460,101490,101520,101540,101570,101590,101600,101610,101610,101610,101600,101590,101580,101570,101570,101570,101570,101570,101580,101590,101600,101610,101610,101620
100130,100210,100290,100370,100440,100510,100570,100620,100660,100700,100730,100760,100790,100820,100860,100890,100920,100960,100990,101020,101050,101070,101090,101100,101100,101100,101100,101100,101100,101100,101110,101130,101140,101170,101190,101220,101240,101260,101290,101310,101320,101340,101360,101380,101400,101420,101440,101470,101490,101520,101540,101560,101570,101580,101580,101580,101570,101560,101550,101540,101530,101520,101520,101520,101510,101510,101510,101500,101490,101470,101440
100010,100090,100170,100250,100320,100380,100430,100480,100510,100550,100570,100600,100620,100650,100680,100710,100750,100790,100820,100860,100890,100910,100930,100940,100950,100950,100950,100950,100950,100960,100970,100990,101020,101050,101090,101130,101160,101190,101220,101240,101270,101280,101300,101320,101340,101360,101380,101410,101440,101460,101490,101510,101530,101540,101550,101550,101560,101560,101560,101570,101570,101580,101590,101590,101590,101590,101580,101550,101520,101470,101420
100020,100070,100130,100190,100240,100280,100320,100350,100380,100410,100430,100450,100480,100510,100540,100580,100630,100670,100720,100760,100800,100830,100850,100870,100870,100880,100880,100880,100880,100890,100900,100920,100950,100980,101010,101040,101070,101090,101110,101130,101140,101160,101170,101190,101210,101230,101260,101290,101320,101360,101390,101420,101440,101470,101490,101510,101530,101550,101570,101600,101620,101650,101670,101690,101700,101700,101680,101650,101610,101550,101480
100140,100160,100190,100210,100230,100250,100270,100290,100300,100320,100340,100360,100390,100430,100470,100520,100570,100630,100690,100740,100780,100820,100850,100870,100880,100890,100890,100890,100900,100900,100910,100920,100940,100950,100970,100980,100990,101000,101000,101000,101010,101010,101020,101040,101070,101100,101130,101170,101210,101250,101290,101320,101350,101380,101410,101440,101470,101510,101540,101580,101620,101650,101680,101710,101720,101720,101710,101690,101650,101600,101540
100320,100320,100320,100310,100310,100310,100310,100310,100310,100320,100330,100340,100370,100410,100450,100510,100560,100620,100680,100730,100780,100820,100860,100880,100900,100920,100930,100930,100940,100950,100950,100960,100970,100970,100970,100960,100960,100940,100930,100920,100910,100910,100920,100940,100970,101010,101050,101100,101150,101190,101230,101260,101290,101320,101350,101380,101420,101460,101510,101550,101600,101640,101670,101690,101700,101700,101690,101670,101640,101610,101560
100490,100470,100460,100450,100440,100430,100420,100410,100400,100390,100380,100390,100400,100430,100470,100510,100560,100610,100660,100710,100750,100790,100820,100850,100880,100900,100920,100940,100950,100960,100970,100980,100980,100980,100980,100970,100950,100930,100910,100880,100870,100860,100860,100880,100910,100950,101000,101060,101110,101150,101190,101220,101250,101280,101310,101350,101400,101460,101520,101580,101640,101680,101720,101740,101750,101740,101730,101710,101680,101640,101600
100560,100550,100550,100550,100550,100550,100540,100520,100500,100480,100460,100450,100450,100460,100480,100500,100540,100570,100610,100650,100680,100720,100760,100790,100830,100860,100880,100910,100920,100940,100950,100960,100970,100970,100980,100980,100970,100950,100930,100910,100880,100860,100860,100870,100890,100930,100980,101030,101080,101130,101160,101200,101230,101260,101300,101360,101420,101500,101580,101660,101740,101800,101850,101880,101890,101890,101870,101840,101800,101750,101700
100520,100520,100530,100550,100570,100580,100580,100570,100550,100520,100490,100470,100460,100450,100460,100470,100500,100520,100550,100580,100620,100660,100700,100740,100790,100830,100860,100890,100910,100920,100930,100940,100950,100970,100990,101010,101020,101020,101010,100990,100960,100940,100920,100910,100920,100950,100990,101030,101080,101130,101170,101200,101240,101270,101310,101370,101440,101530,101620,101720,101810,101890,101960,102000,102030,102040,102020,101990,101950,101890,101810
100410,100410,100420,100450,100480,100510,100520,100520,100510,100490,100460,100440,100420,100410,100420,100430,100460,100480,100520,100550,100590,100630,100680,100730,100790,100840,100880,100910,100930,100940,100950,100960,100980,101000,101030,101060,101090,101110,101120,101110,101090,101060,101040,101020,101020,101040,101070,101100,101150,101190,101220,101250,101280,101310,101350,101390,101450,101520,101610,101700,101790,101870,101950,102010,102060,102080,102090,102080,102040,101980,101890
100330,100310,100310,100330,100360,100400,100420,100430,100430,100410,100390,100370,100350,100350,100360,100390,100420,100470,100510,100550,100590,100630,100680,100730,100790,100840,100890,100930,100960,100980,100990,101010,101020,101050,101080,101120,101160,101190,101210,101220,101210,101200,101190,101180,101180,101190,101210,101240,101270,101290,101320,101340,101360,101380,101400,101430,101470,101520,101570,101630,101700,101770,101840,101910,101970,102030,102060,102080,102060,102010,101920
100360,100320,100310,100310,100330,100360,100380,100390,100380,100360,100330,100300,100280,100280,100300,100340,100400,100460,100510,100560,100590,100630,100660,100690,100740,100790,100840,100890,100940,100970,101000,101030,101050,101070,101100,101130,101160,101190,101220,101250,101270,101300,101310,101330,101350,101360,101380,101390,101400,101410,101420,101430,101450,101470,101480,101500,101520,101540,101560,101590,101630,101670,101730,101800,101870,101950,102000,102040,102040,102010,101930
100530,100480,100450,100440,100440,100450,100450,100450,100420,100390,100340,100290,100250,100240,100260,100310,100380,100450,100520,100570,100600,100620,100620,100630,100650,100680,100730,100790,100850,100900,100950,100990,101020,101040,101060,101080,101100,101120,101160,101200,101250,101310,101370,101420,101460,101490,101510,101510,101500,101500,101500,101510,101530,101550,101570,101590,101600,101610,101600,101600,101610,101630,101670,101730,101810,101890,101960,102000,102010,101980,101910
100760,100720,100690,100660,100650,100640,100620,100600,100560,100500,100430,100350,100290,100260,100260,100300,100380,100460,100540,100600,100630,100630,100620,100600,100590,100600,100630,100680,100740,100800,100860,100910,100950,100970,100980,100990,101010,101030,101070,101120,101200,101280,101370,101450,101520,101560,101580,101580,101570,101560,101560,101570,101600,101630,101650,101670,101670,101650,101630,101610,101600,101600,101630,101690,101760,101830,101900,101940,101950,101910,101840
100950,100930,100900,100870,100840,100820,100800,100770,100730,100660,100580,100490,100410,100360,100340,100370,100430,100510,100590,100650,100680,100690,100670,100640,100610,100600,100610,100640,100680,100730,100770,100820,100850,100880,100900,100920,100940,100980,101030,101100,101180,101280,101380,101470,101540,101590,101610,101620,101620,101620,101630,101650,101670,101690,101700,101690,101670,101630,101590,101560,101540,101540,101570,101620,101680,101750,101810,101840,101840,101800,101730
